515
430
419
405
378
364
360
353
350
352
475
410
511
635
737
804
818
839
836
821
261
139
177
296
640
961
1126
1427
1608
1779
219
104
29
26
37
50
56
96
161
260
262
184
103
57
39
42
45
66
85
117
365
304
245
192
171
159
144
146
153
166
523
489
442
417
399
376
377
389
398
415
857
187
265
385
428
422
418
405
397
391
865
536
171
111
294
401
444
491
547
603
833
702
453
253
98
14
1
0
0
0
839
756
670
512
315
234
194
145
111
72
813
764
742
678
559
455
407
349
309
265
780
779
764
742
709
644
620
568
533
490
762
765
770
758
748
742
739
717
700
684
448
173
210
272
338
423
422
416
401
391
471
98
73
108
170
227
282
417
489
578
511
108
20
0
1
10
14
24
28
36
530
131
39
0
0
0
0
1
3
4
564
158
52
0
7
19
24
25
30
36
638
209
82
13
12
32
40
49
53
62
667
250
132
42
3
26
35
51
58
63
476
146
56
83
117
120
130
139
148
152
451
150
0
2
10
30
41
55
61
63
434
159
0
0
0
0
0
0
0
0
419
166
1
0
0
0
0
0
0
0
417
174
1
0
0
0
0
0
0
0
406
194
8
0
0
0
0
0
0
0
393
200
15
0
0
0
0
0
0
0
528
461
249
52
26
88
97
107
113
120
544
459
226
49
0
0
2
4
7
8
551
454
193
45
0
0
0
0
0
0
557
455
196
41
0
0
0
0
0
0
557
440
219
58
0
0
0
0
0
0
552
419
248
68
5
0
0
0
0
0
553
411
273
89
26
0
0
0
0
0
548
377
175
37
0
0
0
0
0
0
547
384
179
31
0
0
0
0
0
0
542
388
176
29
0
0
0
0
0
0
545
397
187
15
0
0
0
0
0
0
534
389
185
17
0
0
0
0
0
0
575
388
176
21
0
0
0
0
0
0
568
387
179
21
0
0
0
0
0
0
