790
490
455
434
403
394
390
376
372
385
1234
915
1122
1361
1506
1511
1472
1384
1319
1232
2160
2399
2624
2955
3231
3392
3469
3563
3594
3630
2160
2417
2616
2682
2870
3021
3095
3220
3306
3396
2141
2301
2400
2445
2487
2530
2556
2585
2632
2669
2200
2318
2347
2387
2382
2383
2387
2395
2406
2432
2204
2258
2275
2298
2329
2371
2379
2412
2430
2439
1638
1797
587
453
478
464
461
440
432
420
1516
1827
1545
1248
883
842
878
977
1082
1200
1420
1745
1663
1535
1330
1154
1066
928
859
809
1307
1636
1679
1645
1529
1448
1417
1347
1313
1263
1246
1548
1622
1647
1612
1567
1555
1516
1475
1461
1174
1432
1551
1616
1631
1632
1627
1616
1602
1595
1117
1352
1459
1529
1581
1606
1613
1616
1611
1605
1326
281
280
345
394
464
467
454
437
418
1345
227
185
266
371
505
588
829
1029
1234
1357
379
156
177
244
310
377
606
752
909
1432
587
281
299
441
506
561
689
762
842
1519
750
472
474
656
759
814
880
930
989
1554
958
682
711
819
966
1023
1094
1124
1167
1625
1118
951
873
939
1090
1147
1242
1290
1333
772
468
151
118
165
167
183
187
193
195
766
457
111
14
24
57
72
89
93
97
756
491
151
11
0
0
0
0
5
10
749
516
196
14
0
0
0
0
0
0
758
545
231
30
0
3
2
3
6
9
734
589
284
81
11
14
17
29
37
51
734
611
333
145
42
38
42
52
63
74
781
822
795
235
68
141
148
155
165
174
770
810
810
276
16
12
9
11
14
17
774
796
821
325
40
15
0
0
0
0
770
789
813
365
116
38
23
0
0
0
757
789
813
421
192
125
68
10
2
1
746
762
805
517
261
236
163
45
31
21
756
756
788
601
316
331
288
107
75
55
736
635
454
253
81
26
8
5
5
6
738
636
448
261
90
36
10
3
3
5
730
628
459
284
114
52
21
5
5
4
731
648
477
305
140
66
35
12
10
7
733
645
500
335
177
103
56
19
16
16
748
647
519
358
204
148
80
30
27
22
762
637
524
376
227
174
118
54
47
42
