387
398
387
373
362
356
351
345
342
342
272
261
359
427
492
518
539
564
568
572
121
28
39
54
89
142
173
304
419
551
126
18
0
0
0
0
0
0
0
0
141
46
1
0
0
0
0
0
0
0
152
75
30
5
0
0
0
0
0
0
164
119
67
47
26
13
9
5
12
24
281
39
201
331
385
386
385
377
376
381
357
41
11
60
187
296
342
381
398
429
400
117
28
0
0
0
0
0
0
0
410
195
114
62
0
0
0
0
0
0
435
279
187
144
86
45
25
5
1
0
451
343
277
221
164
142
124
101
81
58
464
367
326
288
264
237
223
200
179
165
255
112
162
214
294
374
383
380
373
366
270
66
37
64
92
141
182
296
359
405
259
81
6
0
0
0
0
0
0
1
290
93
15
0
0
0
0
0
0
0
301
107
31
0
0
0
0
0
0
0
317
106
50
0
0
0
0
0
0
0
334
133
69
7
0
0
0
0
0
0
282
29
22
65
91
97
106
114
117
118
282
27
0
0
3
8
16
31
37
40
276
30
0
0
0
0
0
0
0
0
264
30
0
0
0
0
0
0
0
0
250
37
0
0
0
0
0
0
0
0
239
50
0
0
0
0
0
0
0
0
234
52
0
0
0
0
0
0
0
0
390
238
65
1
8
70
77
86
92
96
373
239
66
1
0
0
0
0
0
0
390
231
67
0
0
0
0
0
0
0
406
221
71
0
0
0
0
0
0
0
394
230
82
0
0
0
0
0
0
0
385
237
86
1
0
0
0
0
0
0
400
243
95
4
0
0
0
0
0
0
447
249
62
0
0
0
0
0
0
0
441
266
61
0
0
0
0
0
0
0
423
272
55
0
0
0
0
0
0
0
426
265
61
0
0
0
0
0
0
0
416
269
59
1
0
0
0
0
0
0
430
264
71
1
0
0
0
0
0
0
437
274
73
3
0
0
0
0
0
0
