251
328
364
362
356
352
350
347
343
338
108
149
246
305
355
376
384
400
408
412
31
0
1
5
9
12
12
25
34
45
41
0
0
0
0
0
0
0
0
0
49
0
0
0
0
0
0
0
0
0
66
11
0
0
0
0
0
0
0
0
75
28
1
0
0
0
0
0
2
7
6
23
130
276
354
359
361
362
364
364
14
0
1
24
82
169
220
281
313
326
25
0
0
0
0
0
0
0
0
0
49
0
0
0
0
0
0
0
0
0
66
6
0
0
0
0
0
0
0
0
87
26
5
0
0
0
0
0
0
0
110
49
28
14
2
0
0
0
0
0
142
76
105
156
213
329
357
361
360
357
143
38
9
38
54
69
87
170
238
294
146
40
0
0
0
0
0
0
0
0
165
44
0
0
0
0
0
0
0
0
170
63
2
0
0
0
0
0
0
0
183
72
8
0
0
0
0
0
0
0
186
88
19
0
0
0
0
0
0
0
143
2
5
21
49
60
64
71
72
74
145
1
0
0
0
0
3
6
10
10
146
0
0
0
0
0
0
0
0
0
141
1
0
0
0
0
0
0
0
0
137
1
0
0
0
0
0
0
0
0
135
1
0
0
0
0
0
0
0
0
134
0
0
0
0
0
0
0
0
0
240
80
7
0
0
28
33
45
52
57
246
80
4
0
0
0
0
0
0
0
255
85
0
0
0
0
0
0
0
0
264
86
3
0
0
0
0
0
0
0
255
95
3
0
0
0
0
0
0
0
245
96
6
0
0
0
0
0
0
0
249
102
11
0
0
0
0
0
0
0
324
138
6
0
0
0
0
0
0
0
318
140
4
0
0
0
0
0
0
0
303
136
6
0
0
0
0
0
0
0
293
136
6
0
0
0
0
0
0
0
285
133
8
0
0
0
0
0
0
0
296
132
7
0
0
0
0
0
0
0
290
129
14
0
0
0
0
0
0
0
