0.999927
0.999798
0.999841
0.999962
0.999966
0.999975
0.999964
0.99994
0.999938
0.999976
0.999976
0.999976
0.99996
0.999956
0.999935
0.999987
0.999953
0.999784
0.999969
0.999998
0.999993
0.999987
0.999994
0.999985
0.999974
0.999943
0.99985
0.999956
0.999998
0.999851
0.999981
0.999969
0.99998
0.999999
0.999996
0.999941
0.999979
0.999989
0.999916
0.999995
0.999982
0.999992
0.999975
0.999955
0.999992
0.999965
0.999968
0.999987
0.999985
0.999995
0.999974
0.999972
0.999995
0.999928
0.999882
0.999988
0.999959
0.999992
0.999997
0.999946
0.999917
0.999976
0.999961
0.999995
0.999991
0.999997
0.999985
0.999989
0.999985
1
0.99998
0.999974
0.999911
0.999898
0.999853
0.999999
0.999991
0.999918
0.999891
0.99992
0.99988
0.999997
0.999922
0.99998
0.999937
0.999982
0.999758
0.99998
0.999965
0.999975
0.999812
0.999993
0.999978
0.999985
0.99997
0.999946
0.999998
0.999982
0.999987
0.999948
0.999983
0.999999
0.999906
0.999913
0.999982
0.999986
0.999881
0.99998
0.999993
0.999997
0.99997
0.999961
0.999915
0.999979
0.999964
0.999994
0.999978
0.99997
0.999982
0.999988
0.999996
0.999992
0.999994
0.999997
0.999936
0.999929
0.999999
0.999983
0.999958
0.999811
0.999973
0.999988
0.999925
0.999892
0.999984
0.999944
0.999923
0.999907
0.999996
0.999973
0.999847
0.999837
0.999717
0.99971
0.999338
0.999984
0.999918
0.999976
0.999912
0.999885
0.999934
0.999993
0.999333
0.999174
0.999972
0.9999
0.999505
0.999988
0.999837
0.999933
0.99997
0.999977
0.999817
0.999974
0.999713
0.999928
0.999993
0.999906
0.999917
0.999983
0.999987
0.999985
0.999954
0.999913
0.999916
0.999956
0.999903
0.999979
0.999989
0.999926
0.999871
0.999984
0.999996
0.999907
0.999982
0.999976
0.999976
0.999906
0.999972
0.999955
0.999923
0.999965
0.999869
0.999985
0.999991
0.999961
0.999978
0.999959
0.999822
0.999955
0.999885
0.999992
0.999999
0.999958
0.999976
0.999991
0.999952
0.999897
0.999995
0.999987
0.999949
0.999727
0.999968
0.999295
0.997422
0.998528
0.999074
0.999948
0.998404
0.998363
0.999983
0.999861
0.999996
0.999038
0.997913
0.99144
0.998012
0.996665
0.998413
0.998889
0.999808
0.999581
0.999469
0.99953
0.958248
0.955278
0.951498
0.999568
0.993247
0.99631
0.999704
0.999987
0.999832
0.998488
0.978452
0.977283
0.971602
0.971615
0.968549
0.972684
0.999632
0.999998
0.999743
0.999777
0.999816
0.999708
0.998404
0.998581
0.999364
0.999845
0.99978
0.999686
0.999973
0.999421
0.999596
0.999997
0.999249
0.999587
0.999859
0.999888
0.999844
0.999955
0.999875
0.999996
0.999589
0.999088
0.999271
0.999092
0.999346
0.999946
0.999852
0.999976
0.999905
0.999927
0.999379
0.999962
0.996061
0.999301
0.997954
0.999116
0.999746
0.999767
0.999824
0.999675
0.99996
0.99988
0.977254
0.977605
0.986363
0.998733
0.999976
0.999809
0.999837
0.999991
0.999753
0.998942
0.99456
0.96544
0.966448
0.966929
0.999872
0.99997
0.99999
0.999966
0.999956
0.999858
0.99987
0.990039
0.984366
0.980525
0.999758
0.999967
0.999957
0.999898
0.999907
0.999875
0.999852
0.999971
0.998999
0.999482
0.9999
0.999919
0.999922
0.999837
0.99999
0.999931
0.999881
0.999375
0.999228
0.999422
0.999876
0.99998
0.99999
0.999942
0.999897
0.999851
0.999863
0.999914
0.999986
0.99977
0.999957
0.999984
0.99999
0.999957
0.999894
0.999853
0.999719
0.999879
0.999585
0.999681
0.99995
0.999837
0.999973
1
0.999792
0.999841
0.999767
0.999584
0.999068
0.999936
0.999948
0.999944
0.999988
0.999927
0.999916
0.999793
0.999749
0.99998
0.999651
0.999973
0.999979
0.999984
0.999887
0.999969
0.999971
0.999997
0.999935
0.999991
0.999788
0.999934
0.999995
0.999812
0.999986
0.999967
0.999964
0.999936
0.999921
0.999998
0.999996
0.999646
0.999908
0.9999
0.999892
0.999966
0.999984
0.999983
0.999975
0.999806
0.999999
0.999767
0.999955
0.999724
0.999871
0.99991
0.999949
0.99987
0.999911
0.999992
0.999792
0.999977
