0.999937
0.999905
0.999911
0.999907
0.999943
0.999946
0.999944
0.999966
0.999933
0.999946
0.999971
0.99953
0.999483
0.99976
0.999816
0.999927
0.999937
1
0.999911
0.999998
0.999866
0.999522
0.999976
0.999845
0.9999
0.999938
0.999942
0.999969
0.999873
0.999821
0.999994
0.999718
0.999562
0.999777
0.999827
0.999477
0.999915
0.999939
0.999936
0.999931
0.999813
0.999842
0.999686
0.999989
0.998197
0.99986
0.999457
0.999905
0.999851
0.999966
0.999987
0.999861
0.999991
0.999899
0.999905
0.999941
0.999929
0.999969
0.999995
0.99988
0.999978
0.999846
0.999999
0.999983
0.999904
0.999902
0.999947
0.99997
0.999948
0.999986
0.999855
0.999725
0.999869
0.999983
0.999757
0.999796
0.999967
0.999899
0.999923
0.999909
0.999989
0.999992
0.999945
0.998215
0.997934
0.999992
0.999946
0.999282
0.999703
0.999817
0.999983
0.999998
0.999931
0.999838
0.999659
0.999564
0.998971
0.974605
0.961508
0.947996
0.999962
0.999982
0.999824
0.999939
0.99995
0.99994
0.999935
0.999931
0.999842
0.999858
0.999999
0.999872
0.999952
0.999977
0.999897
0.999665
0.999887
0.999827
0.999877
0.999894
0.999922
0.999975
0.999992
0.99994
0.999984
0.999979
0.999973
0.99999
0.999967
0.999892
0.999931
0.999963
0.99999
0.999929
0.999904
0.999932
0.999895
0.999997
0.999984
0.999981
0.999872
0.999966
0.999379
0.999956
0.999612
0.999939
0.999857
0.999977
0.99983
0.999986
0.999706
0.999799
0.997498
0.99767
0.999859
0.999399
0.999965
0.99969
0.9999
0.999938
0.999923
0.996556
0.997724
0.929544
0.988442
0.9977
0.999899
0.99996
0.997339
0.998467
0.999986
0.997051
0.998682
0.94989
0.982157
0.989839
0.994182
0.995309
0.9986
0.998275
0.999909
0.998016
0.99901
0.983036
0.999678
0.999816
0.9978
0.998005
0.998526
0.999805
0.999851
0.999855
0.996885
0.999937
0.999005
0.999178
0.999019
0.998833
0.99971
0.999704
0.999956
0.999808
0.999253
0.994391
0.999517
0.999022
0.99825
0.999884
0.999059
0.996309
0.999912
0.999903
0.998608
0.993352
0.994528
0.998943
0.998577
0.998633
0.998906
0.998092
0.999595
0.999933
0.98287
0.957882
0.993167
0.994559
0.997353
0.992579
0.994034
0.998127
0.999746
0.999998
0.99445
0.937418
0.910297
0.900425
0.89655
0.888911
0.885043
0.883359
0.999363
0.999957
0.993213
0.93864
0.913002
0.903467
0.899838
0.89265
0.88793
0.885215
0.999904
0.999745
0.99942
0.93905
0.915983
0.906588
0.903134
0.896632
0.891632
0.887912
0.999663
0.998763
0.999668
0.938629
0.919248
0.909869
0.906496
0.900694
0.895969
0.89452
0.999814
0.999983
0.99919
0.944007
0.924564
0.917757
0.914613
0.90711
0.900623
0.900967
0.999973
0.99991
0.999713
0.998354
0.996587
0.998679
0.990118
0.999434
0.999624
0.999963
0.999674
0.999985
0.999424
0.999976
0.951036
0.939169
0.983781
0.956875
0.989785
0.985333
0.999353
0.999888
0.999786
0.99941
0.957383
0.937412
0.934571
0.911991
0.906458
0.903012
0.999962
0.999959
0.99983
0.999165
0.962016
0.945307
0.940923
0.917177
0.911163
0.908153
0.999882
0.999961
0.999759
0.999886
0.975818
0.951994
0.950558
0.922232
0.915241
0.912292
0.999997
0.999715
0.999875
0.999795
0.996544
0.957185
0.958447
0.931027
0.920612
0.915997
0.99996
0.999985
0.998679
0.999853
0.999772
0.981667
0.963981
0.944021
0.930357
0.923811
0.999889
0.999535
0.999603
0.9984
0.9792
0.958047
0.957109
0.956679
0.9575
0.958301
0.999993
0.99975
0.999904
0.998511
0.980288
0.959133
0.957379
0.955025
0.955815
0.956604
0.999958
0.999958
0.999813
0.999317
0.980232
0.960881
0.958585
0.953598
0.954233
0.95496
0.999822
0.999868
0.999798
0.999023
0.982932
0.962581
0.961053
0.954314
0.953829
0.953507
0.999904
0.999985
0.999949
0.998935
0.984149
0.964307
0.963562
0.955247
0.954557
0.954129
0.999932
0.999638
0.999684
0.999507
0.981605
0.966484
0.965871
0.957323
0.956271
0.955479
0.999984
0.999688
0.999964
0.998747
0.981745
0.969523
0.96843
0.959602
0.95833
0.957443
