0.999012
0.999474
0.999908
0.999191
0.999469
0.999841
0.999826
0.999689
0.999975
0.999604
0.998807
0.999893
0.99959
0.998958
0.99972
0.99955
0.999921
0.9995
0.999956
0.99981
0.996577
0.978055
0.988048
0.988697
0.998463
0.994948
0.996604
0.999825
0.999466
0.999629
0.998458
0.905129
0.813987
0.792733
0.792733
0.792733
0.792733
0.792733
0.792733
0.792733
0.999895
0.979968
0.88858
0.846736
0.811284
0.79584
0.792733
0.792733
0.792733
0.792733
0.9998
0.999628
0.938895
0.909189
0.884793
0.867337
0.859546
0.849213
0.842788
0.835575
0.9997
0.996817
0.999247
0.957209
0.927497
0.91932
0.915144
0.916957
0.931562
0.993314
0.996294
0.994157
0.994411
0.999553
0.999864
0.999912
0.99983
0.999241
0.999246
0.999768
0.999884
0.892979
0.968374
0.995518
0.999882
0.999807
0.999405
0.999234
0.998352
0.997948
0.99991
0.94907
0.871724
0.832613
0.797371
0.792733
0.792733
0.792733
0.792733
0.792733
0.999582
0.978384
0.92961
0.893055
0.849782
0.826134
0.820514
0.817609
0.814615
0.812851
0.999486
0.999954
0.96144
0.93466
0.907583
0.889031
0.879736
0.86323
0.853378
0.852505
0.999368
0.997756
0.999285
0.983492
0.962882
0.94866
0.941362
0.928308
0.919925
0.910212
0.999992
0.999901
0.999866
0.99976
0.998054
0.997484
0.988587
0.978672
0.97349
0.967423
0.999479
0.995226
0.994671
0.999913
0.999319
0.997854
0.999646
0.999826
0.999216
0.999486
0.999235
0.981413
0.999315
0.989702
0.998324
0.997776
0.997894
0.999003
0.999562
0.999192
0.999058
0.993624
0.853412
0.792733
0.792733
0.792733
0.792733
0.792733
0.792733
0.792733
0.999842
0.996624
0.897327
0.792733
0.792733
0.792733
0.792733
0.792733
0.792733
0.792733
0.999592
0.989653
0.991337
0.793575
0.792733
0.792733
0.792733
0.792733
0.792733
0.792733
0.999806
0.993013
0.993873
0.804145
0.792733
0.792733
0.792733
0.792733
0.792733
0.792733
0.998098
0.995864
0.987835
0.848404
0.792733
0.792733
0.792733
0.792733
0.792733
0.792733
0.999978
0.996244
0.990703
0.999266
0.999407
0.995778
0.988271
0.99986
0.999241
0.996
0.999245
0.992838
0.88859
0.862753
0.837497
0.914747
0.982033
0.995814
0.99979
0.982559
0.998302
0.994671
0.886105
0.865326
0.840448
0.829511
0.825374
0.817001
0.812973
0.811248
0.999549
0.984158
0.882523
0.866797
0.843733
0.832808
0.828888
0.820987
0.815986
0.813183
0.998428
0.99544
0.877956
0.867043
0.847271
0.836209
0.832438
0.825271
0.819896
0.815998
0.999996
0.99459
0.872544
0.866544
0.850936
0.839775
0.836053
0.829654
0.824525
0.819832
0.99858
0.976615
0.873061
0.867506
0.854517
0.843554
0.839795
0.833997
0.829508
0.824623
0.999659
0.999815
0.995746
0.920897
0.877992
0.997828
0.999207
0.99771
0.996912
0.998645
0.999455
0.9987
0.9999
0.923271
0.880031
0.870743
0.865526
0.836871
0.831254
0.826843
0.999861
0.999907
0.997243
0.925537
0.88222
0.873117
0.868657
0.843108
0.837557
0.833861
0.999691
0.998659
0.996492
0.927121
0.884478
0.875516
0.871553
0.848575
0.842643
0.839473
0.999862
0.999763
0.999647
0.92748
0.887299
0.877922
0.874344
0.8538
0.846931
0.843898
0.999763
0.999579
0.997303
0.926246
0.889671
0.880352
0.877066
0.859165
0.850956
0.847589
0.999272
0.998874
0.999098
0.923266
0.891507
0.882841
0.879758
0.864774
0.855219
0.851039
0.999921
0.999939
0.994863
0.934706
0.909774
0.902461
0.899839
0.895175
0.894951
0.894799
0.999973
0.998098
0.997155
0.939449
0.910972
0.903852
0.901351
0.895784
0.895446
0.895207
0.999954
0.999206
0.996826
0.946884
0.91342
0.905343
0.902839
0.896566
0.896088
0.895749
0.999888
0.999926
0.988738
0.953352
0.915363
0.906641
0.904362
0.897541
0.8969
0.896446
0.999977
0.99972
0.995513
0.95882
0.916702
0.907839
0.905867
0.89871
0.89789
0.897315
0.999731
0.999589
0.999096
0.962504
0.917479
0.909051
0.90721
0.900036
0.89904
0.898358
0.999702
0.999557
0.999971
0.961637
0.91956
0.9104
0.908489
0.901457
0.900291
0.899537
