0.999257
0.999556
0.999996
0.999154
0.999846
0.999734
0.999986
0.999991
0.999951
0.999889
0.99926
0.999895
0.999095
0.999928
0.999814
0.999805
0.999916
0.999874
0.99967
0.999893
0.999433
0.997652
0.999853
0.998474
0.998923
0.999741
0.999851
0.999685
0.999867
0.999997
0.999842
0.999174
0.928906
0.89019
0.908299
0.925243
0.936278
0.956795
0.970455
0.986644
0.999287
0.998945
0.99642
0.948783
0.92109
0.900458
0.902899
0.907205
0.909929
0.913016
0.999798
0.99965
0.999922
0.999009
0.971195
0.957737
0.95296
0.944253
0.938573
0.936453
0.999634
0.99983
0.999914
0.999292
0.999763
0.995822
0.998499
0.99392
0.995648
0.995882
0.999926
0.999724
0.999157
0.999676
0.999059
0.999831
0.999447
0.999897
0.999753
0.999968
0.999679
0.999764
0.99216
0.996957
0.999838
0.999919
0.999443
0.999707
0.99988
0.999719
0.999972
0.999645
0.999987
0.972941
0.926123
0.895487
0.879244
0.853304
0.842281
0.831852
0.99993
0.999983
0.999994
0.999009
0.999266
0.971857
0.957992
0.935606
0.926699
0.916557
0.999985
0.999951
0.99985
0.999871
0.999814
0.99964
0.999773
0.999896
0.998694
0.981276
0.999995
0.99994
0.999827
0.999806
0.999874
0.999992
0.999957
0.999552
0.99994
0.999824
0.999988
0.999986
0.999973
0.999952
0.999899
0.999672
0.999981
0.999803
0.999913
0.999751
0.99989
0.999888
0.995125
0.999299
0.998995
0.999257
0.998824
0.999621
0.999801
0.999271
0.99998
0.997923
0.976923
0.998722
0.997396
0.99995
0.998583
0.999862
0.999739
0.999473
0.999997
0.999895
0.99919
0.834981
0.809709
0.835483
0.864872
0.915162
0.97198
0.997845
0.999836
0.99881
0.997732
0.841714
0.833997
0.836611
0.838812
0.845287
0.850512
0.856649
0.999849
0.998601
0.998178
0.872442
0.861029
0.868151
0.870525
0.874318
0.876755
0.880113
0.999967
0.999392
0.989484
0.927642
0.860611
0.873197
0.883856
0.90396
0.914688
0.925627
0.999886
0.997833
0.999238
0.998657
0.843774
0.851277
0.861477
0.882375
0.893567
0.904804
0.999986
0.998556
0.998165
0.996682
0.999495
0.999488
0.999209
0.998566
0.999097
0.995632
0.999339
0.998619
0.93666
0.91614
0.96609
0.968327
0.984212
0.99617
0.988146
0.999854
0.999738
0.998229
0.935187
0.918291
0.883536
0.874218
0.870766
0.863517
0.859814
0.858165
0.999628
0.998183
0.932616
0.919574
0.886338
0.877018
0.873762
0.867065
0.8626
0.860012
0.999931
0.998983
0.93324
0.919864
0.889297
0.879883
0.876753
0.870775
0.866098
0.862611
0.999722
0.999611
0.937432
0.919172
0.892253
0.882859
0.879773
0.874489
0.870118
0.866028
0.999887
0.999238
0.949558
0.917606
0.896353
0.885959
0.882863
0.87811
0.874347
0.870177
0.999811
0.999846
0.996123
0.994086
0.999687
0.999473
0.996121
0.996026
0.997789
0.998368
0.999637
0.999862
0.99981
0.995236
0.92449
0.912177
0.907968
0.897979
0.942155
0.985917
0.999398
0.999363
0.999326
0.98605
0.927261
0.914963
0.911105
0.885153
0.880288
0.877132
0.999991
0.99992
0.998919
0.979371
0.929929
0.917845
0.914238
0.889969
0.884673
0.881932
0.999925
0.999286
0.997457
0.986967
0.932324
0.920777
0.917459
0.895814
0.888425
0.885742
0.999754
0.999897
0.9998
0.988905
0.934307
0.923732
0.920738
0.901899
0.892255
0.888975
0.999914
0.999773
0.999617
0.996811
0.946618
0.92668
0.924
0.908367
0.897202
0.89233
0.999966
0.999906
0.998842
0.981487
0.947614
0.942805
0.940425
0.93608
0.935917
0.935824
0.999913
0.999736
0.99921
0.987455
0.94836
0.9441
0.94191
0.936573
0.93629
0.936108
0.999971
0.999471
0.99985
0.992764
0.949443
0.945191
0.943331
0.937245
0.936816
0.936531
0.999925
0.999772
0.999507
0.997639
0.951186
0.946122
0.944618
0.93812
0.937517
0.937113
0.999977
0.999982
0.999972
0.99786
0.952365
0.946974
0.945738
0.939202
0.938405
0.937874
0.999739
0.999433
0.99901
0.994352
0.952994
0.947849
0.946726
0.940452
0.939461
0.938816
0.999821
0.999605
0.999904
0.998139
0.954711
0.948856
0.947673
0.941803
0.940628
0.939903
