0.319213
0.289879
0.257479
0.232699
0.21614
0.211508
0.210269
0.208566
0.207553
0.206796
0.343045
0.339474
0.333601
0.328596
0.323963
0.321927
0.32113
0.319671
0.318519
0.316815
0.349982
0.35437
0.356767
0.360511
0.367503
0.374193
0.378049
0.38555
0.39065
0.396699
0.352602
0.35768
0.359694
0.361431
0.364193
0.366863
0.368445
0.371583
0.373782
0.376471
0.35408
0.359694
0.361686
0.362987
0.364568
0.365827
0.366522
0.367855
0.368778
0.369892
0.354528
0.360413
0.362525
0.363693
0.364821
0.365572
0.36594
0.366562
0.366899
0.367055
0.354186
0.360043
0.362203
0.36326
0.364074
0.364394
0.36445
0.364258
0.363896
0.362877
0.302007
0.338268
0.34347
0.325753
0.286933
0.256056
0.241808
0.222505
0.216035
0.213372
0.296265
0.327512
0.336766
0.339233
0.338166
0.334322
0.330943
0.323031
0.318293
0.313937
0.291003
0.319686
0.328701
0.329956
0.32831
0.326729
0.32606
0.325429
0.325588
0.32646
0.286256
0.312259
0.322028
0.324834
0.324694
0.323708
0.323127
0.322146
0.321623
0.321199
0.282029
0.305202
0.315103
0.319271
0.32108
0.321249
0.321124
0.320699
0.32035
0.319921
0.278282
0.298617
0.30798
0.312712
0.315953
0.317298
0.317757
0.318277
0.318447
0.318533
0.275007
0.292509
0.301055
0.305665
0.309452
0.311391
0.3122
0.31341
0.314053
0.314675
0.291088
0.291697
0.29746
0.306253
0.305102
0.290842
0.277287
0.251226
0.235371
0.220735
0.290781
0.291036
0.298212
0.305867
0.313932
0.318029
0.320472
0.327109
0.330695
0.331511
0.290369
0.291142
0.296312
0.302331
0.309079
0.313514
0.315949
0.321493
0.325902
0.331179
0.290353
0.291564
0.295586
0.30057
0.306531
0.310053
0.311706
0.314964
0.317425
0.320463
0.290208
0.292033
0.295222
0.298977
0.304346
0.307607
0.309026
0.311472
0.313157
0.315215
0.289735
0.292496
0.295168
0.297505
0.301794
0.304803
0.306148
0.308348
0.309721
0.311309
0.289312
0.292672
0.295513
0.296676
0.29951
0.301924
0.303087
0.304999
0.306156
0.307422
0.257762
0.252884
0.258957
0.266995
0.275208
0.279942
0.282112
0.284312
0.284903
0.285445
0.257349
0.252923
0.255286
0.260275
0.266753
0.271335
0.273663
0.276702
0.277413
0.277851
0.257
0.253662
0.255039
0.25912
0.264026
0.267265
0.269015
0.272183
0.273204
0.273742
0.256722
0.254273
0.255177
0.258708
0.262835
0.265586
0.267087
0.270246
0.27169
0.272598
0.256436
0.254831
0.255386
0.258386
0.261941
0.264171
0.265404
0.268269
0.270036
0.271423
0.256309
0.255332
0.255756
0.258237
0.261333
0.263066
0.263963
0.266132
0.26777
0.269408
0.256289
0.255708
0.256103
0.258307
0.261065
0.26247
0.263089
0.26449
0.265662
0.267023
0.242732
0.245359
0.245848
0.24561
0.253759
0.260643
0.267417
0.274886
0.27679
0.278695
0.242736
0.245223
0.245317
0.244743
0.249408
0.253023
0.258097
0.264837
0.266321
0.267777
0.243094
0.245006
0.245008
0.244677
0.248988
0.251916
0.25563
0.261748
0.262922
0.263972
0.243426
0.24475
0.244754
0.24462
0.248861
0.251665
0.254417
0.260069
0.261117
0.261921
0.243789
0.244402
0.244601
0.244538
0.248631
0.25154
0.253707
0.258913
0.259973
0.260619
0.243819
0.244142
0.244566
0.244515
0.248219
0.251173
0.253105
0.258074
0.259282
0.259871
0.244506
0.244038
0.244644
0.24457
0.247696
0.25049
0.252215
0.257148
0.258753
0.259452
0.237587
0.234918
0.233765
0.235632
0.239247
0.240767
0.241121
0.241195
0.241204
0.241215
0.237899
0.235454
0.233409
0.23533
0.238998
0.240318
0.240834
0.241071
0.241085
0.241097
0.237737
0.235776
0.233179
0.235091
0.238816
0.239972
0.240547
0.240989
0.241017
0.241038
0.23837
0.23599
0.232992
0.234906
0.238622
0.239701
0.240259
0.240912
0.240959
0.24099
0.237956
0.235922
0.232836
0.234701
0.23837
0.239482
0.239998
0.240851
0.240923
0.240972
0.238926
0.236126
0.232727
0.234457
0.238032
0.23926
0.239728
0.240781
0.240885
0.240957
0.239627
0.236258
0.23272
0.234202
0.237632
0.238982
0.239421
0.240648
0.240801
0.240902
