0.404963
0.368407
0.312338
0.263492
0.227464
0.216677
0.214068
0.21127
0.210044
0.209301
0.449594
0.453722
0.447898
0.440172
0.428392
0.419078
0.414434
0.406619
0.40178
0.396145
0.465693
0.482565
0.491788
0.499888
0.51063
0.519023
0.523279
0.5302
0.533746
0.536875
0.468307
0.484555
0.492529
0.498183
0.504968
0.510245
0.513027
0.518131
0.521473
0.525391
0.467735
0.482969
0.490123
0.494614
0.499232
0.502409
0.504028
0.506922
0.508773
0.510901
0.465587
0.479608
0.486194
0.489941
0.493468
0.495732
0.496819
0.498637
0.499609
0.500267
0.462699
0.475364
0.481339
0.484534
0.487113
0.488395
0.488825
0.489034
0.488521
0.486442
0.348864
0.430012
0.45233
0.428208
0.367371
0.311596
0.282678
0.240288
0.224448
0.217151
0.33891
0.405681
0.43568
0.447263
0.45065
0.446424
0.442321
0.433419
0.42708
0.419154
0.330168
0.386957
0.412356
0.421155
0.425448
0.427784
0.429273
0.433079
0.436528
0.441555
0.322335
0.371235
0.394404
0.404256
0.408859
0.410215
0.41067
0.411534
0.412289
0.413463
0.315414
0.357303
0.378182
0.388679
0.395577
0.398298
0.399188
0.400235
0.400682
0.401114
0.309315
0.345079
0.363127
0.373341
0.381364
0.385371
0.386982
0.389299
0.390468
0.391558
0.303936
0.334456
0.349716
0.358743
0.36646
0.370833
0.372759
0.37576
0.377431
0.379137
0.357088
0.38394
0.395169
0.409229
0.40507
0.376539
0.350802
0.299721
0.269353
0.238528
0.355593
0.382138
0.400478
0.413972
0.427745
0.43337
0.435704
0.442406
0.445499
0.445797
0.353804
0.378105
0.394734
0.407297
0.419833
0.427629
0.43183
0.440953
0.447805
0.455874
0.351899
0.375272
0.389038
0.399985
0.411326
0.41762
0.420491
0.425792
0.429475
0.433721
0.349593
0.372977
0.384282
0.392988
0.402934
0.40874
0.411223
0.415343
0.417988
0.420998
0.347164
0.37078
0.380507
0.387064
0.394833
0.399918
0.402164
0.405749
0.407897
0.410281
0.344716
0.368405
0.377594
0.382717
0.388016
0.391968
0.393823
0.396836
0.398611
0.400474
0.302314
0.307959
0.322105
0.336514
0.351988
0.360785
0.364458
0.367566
0.368282
0.368907
0.301438
0.307297
0.314943
0.325475
0.339026
0.348498
0.352954
0.35814
0.359188
0.359796
0.300775
0.308164
0.313371
0.32169
0.331344
0.338483
0.34257
0.349217
0.351253
0.352362
0.300269
0.308764
0.312733
0.319943
0.327529
0.333096
0.336534
0.343538
0.346635
0.348673
0.300025
0.309134
0.312427
0.318575
0.324915
0.328984
0.331523
0.337571
0.341236
0.344277
0.299692
0.309251
0.312421
0.317599
0.323094
0.326047
0.327697
0.331903
0.335096
0.338387
0.299435
0.309023
0.312367
0.317039
0.322026
0.324344
0.32541
0.327911
0.329999
0.332477
0.271577
0.281607
0.289779
0.292474
0.309519
0.3232
0.338776
0.351728
0.35531
0.358894
0.271443
0.280871
0.288366
0.289983
0.300075
0.309766
0.322082
0.334326
0.337329
0.340356
0.271428
0.280244
0.287447
0.289299
0.29827
0.305749
0.314884
0.326023
0.328266
0.330355
0.271299
0.279561
0.286566
0.288688
0.297174
0.303902
0.310857
0.321517
0.323452
0.324992
0.271364
0.278642
0.28577
0.288032
0.295918
0.302313
0.307938
0.318351
0.320335
0.321584
0.271274
0.27775
0.285055
0.287437
0.294487
0.300454
0.305175
0.315627
0.318075
0.319341
0.271805
0.277035
0.284444
0.286971
0.292895
0.298223
0.302148
0.312452
0.315835
0.317508
0.258183
0.260767
0.265709
0.270527
0.277178
0.27996
0.28038
0.280404
0.280404
0.280409
0.258397
0.260717
0.26502
0.26968
0.276297
0.278838
0.279742
0.279995
0.280008
0.280019
0.258412
0.260527
0.264507
0.268964
0.275609
0.277901
0.279131
0.279725
0.279772
0.279805
0.259498
0.260559
0.264069
0.268332
0.274937
0.277076
0.278437
0.27943
0.279523
0.279588
0.259387
0.260357
0.263643
0.267708
0.274182
0.276331
0.277691
0.279115
0.279269
0.279383
0.259972
0.260353
0.263288
0.267089
0.273304
0.275567
0.276858
0.278724
0.278947
0.279115
0.260791
0.260388
0.262936
0.266521
0.27235
0.274741
0.275898
0.278187
0.278505
0.278736
