0.601987
0.564377
0.462147
0.355156
0.26314
0.230522
0.222583
0.215328
0.212939
0.212138
0.675373
0.700012
0.694086
0.674932
0.640099
0.611543
0.597118
0.572504
0.55762
0.541461
0.696828
0.732922
0.743455
0.741011
0.731145
0.721136
0.715443
0.704955
0.698259
0.690804
0.697825
0.730877
0.74754
0.754783
0.7579
0.757746
0.757114
0.755129
0.753348
0.750872
0.689439
0.716112
0.730721
0.73902
0.745637
0.748968
0.750263
0.752019
0.75281
0.75345
0.679875
0.701509
0.713216
0.720228
0.726412
0.72989
0.731384
0.733574
0.734499
0.734397
0.671075
0.688966
0.698272
0.703625
0.70782
0.709552
0.709897
0.709161
0.707288
0.702719
0.400992
0.570744
0.654325
0.640707
0.559102
0.462343
0.403163
0.300979
0.254591
0.229025
0.386948
0.511766
0.595806
0.63944
0.667635
0.67731
0.678522
0.672655
0.663107
0.647487
0.374203
0.472493
0.530376
0.563247
0.592457
0.612638
0.623591
0.645413
0.660944
0.679634
0.363321
0.443663
0.488685
0.513806
0.534401
0.54585
0.551161
0.560691
0.567135
0.575125
0.353379
0.420508
0.456625
0.477703
0.495489
0.50524
0.509551
0.516475
0.520533
0.524997
0.34468
0.401534
0.430454
0.447864
0.463187
0.471967
0.475951
0.482385
0.486122
0.4901
0.336921
0.385665
0.408855
0.422811
0.435543
0.442945
0.44633
0.451914
0.455209
0.458737
0.473205
0.599508
0.627711
0.652784
0.64402
0.588304
0.535425
0.429806
0.364649
0.292179
0.466173
0.59228
0.639022
0.662974
0.68184
0.688141
0.689405
0.691969
0.6908
0.683412
0.458406
0.572702
0.620316
0.648532
0.670115
0.682363
0.688616
0.699925
0.706786
0.714121
0.449488
0.554029
0.59557
0.620561
0.641336
0.651909
0.65635
0.662744
0.665844
0.668465
0.43955
0.536578
0.57358
0.593094
0.609122
0.618023
0.621761
0.627216
0.629892
0.632183
0.430187
0.519932
0.554212
0.570079
0.580868
0.586658
0.589152
0.592959
0.594968
0.596861
0.420502
0.503367
0.535722
0.550926
0.559873
0.563256
0.564577
0.566465
0.56741
0.568171
0.393396
0.428853
0.471434
0.502387
0.534339
0.552148
0.557864
0.561423
0.56218
0.562945
0.391137
0.425254
0.457011
0.481069
0.509811
0.52941
0.53846
0.547052
0.548611
0.549502
0.389525
0.423685
0.449782
0.46832
0.487593
0.504573
0.514855
0.529537
0.533758
0.536154
0.388127
0.421839
0.445061
0.461381
0.474814
0.48696
0.495639
0.512379
0.519537
0.524469
0.38707
0.419422
0.441349
0.456329
0.466505
0.473965
0.479556
0.493303
0.501651
0.509021
0.38617
0.416317
0.438108
0.452384
0.461231
0.465694
0.468705
0.476963
0.483361
0.490333
0.385523
0.412638
0.434392
0.448852
0.457872
0.461045
0.462634
0.466755
0.470321
0.474704
0.322533
0.34528
0.373269
0.396601
0.435616
0.473745
0.512278
0.533871
0.54132
0.548836
0.32187
0.342944
0.370697
0.38811
0.414545
0.445348
0.477444
0.49825
0.504501
0.51088
0.321335
0.340886
0.368938
0.384014
0.407592
0.430037
0.454773
0.474163
0.478732
0.48318
0.320574
0.339353
0.366369
0.380648
0.402517
0.421336
0.441029
0.460469
0.464156
0.467259
0.320324
0.3382
0.363322
0.377334
0.397094
0.413634
0.430121
0.451091
0.454942
0.457461
0.319889
0.337411
0.359966
0.373998
0.391622
0.405449
0.41911
0.442363
0.44762
0.450531
0.320224
0.336633
0.356774
0.370718
0.386054
0.397237
0.407558
0.431831
0.439646
0.444003
0.296382
0.312075
0.32659
0.343629
0.35793
0.363196
0.363629
0.363593
0.363589
0.363595
0.296593
0.310586
0.325169
0.34127
0.355069
0.360329
0.362001
0.362235
0.362252
0.362266
0.296441
0.309043
0.323956
0.338976
0.352847
0.357854
0.360556
0.361321
0.361415
0.361485
0.297276
0.307859
0.322898
0.33671
0.350706
0.355504
0.358833
0.360331
0.36054
0.360698
0.296315
0.306859
0.321764
0.334557
0.348388
0.353145
0.3568
0.359194
0.359544
0.359825
0.296522
0.3064
0.320645
0.332666
0.345852
0.350635
0.354312
0.357785
0.358297
0.358715
0.297186
0.305837
0.319373
0.331132
0.343252
0.347982
0.351334
0.355928
0.35665
0.357213
