0.486459
0.447426
0.370792
0.297961
0.240398
0.221797
0.217408
0.213069
0.211496
0.210844
0.547138
0.559694
0.555339
0.544523
0.523944
0.506617
0.497657
0.482432
0.473231
0.463096
0.571635
0.59918
0.613868
0.624263
0.633373
0.636302
0.636401
0.634516
0.632133
0.628474
0.574871
0.600943
0.614657
0.623708
0.633791
0.640893
0.644429
0.650506
0.65411
0.657867
0.57188
0.594925
0.607192
0.614664
0.621782
0.626556
0.628924
0.633013
0.63552
0.638279
0.566838
0.586867
0.597579
0.603966
0.609835
0.613435
0.615089
0.617729
0.61913
0.620072
0.560885
0.578125
0.587149
0.592376
0.596779
0.599043
0.599821
0.600244
0.599468
0.596483
0.378284
0.501725
0.54452
0.521096
0.446811
0.370983
0.328605
0.261676
0.234635
0.221165
0.36551
0.462581
0.516136
0.538749
0.548962
0.548554
0.546032
0.538344
0.530527
0.519128
0.354503
0.43294
0.474803
0.493753
0.507004
0.515172
0.519737
0.529618
0.537389
0.547728
0.344679
0.409994
0.444878
0.462332
0.473954
0.479254
0.481514
0.485443
0.488177
0.491712
0.336102
0.391019
0.420114
0.436367
0.448805
0.454823
0.457252
0.46084
0.46278
0.46478
0.328565
0.375118
0.399021
0.413195
0.425231
0.431868
0.434723
0.43913
0.441564
0.444052
0.321725
0.361408
0.381168
0.392923
0.403501
0.409683
0.412467
0.416941
0.419509
0.422219
0.412599
0.47333
0.490743
0.509956
0.503552
0.463082
0.425394
0.350951
0.306217
0.258557
0.409211
0.469816
0.499798
0.51883
0.535885
0.542108
0.54438
0.55032
0.553286
0.552028
0.405468
0.460548
0.489344
0.508921
0.526346
0.536818
0.542419
0.554059
0.56242
0.572082
0.400947
0.453045
0.477068
0.494557
0.510864
0.519534
0.523377
0.530085
0.534385
0.539051
0.395996
0.446918
0.466567
0.480627
0.494695
0.502633
0.506023
0.511436
0.514648
0.518058
0.390675
0.440668
0.458122
0.469134
0.479803
0.486376
0.489211
0.493652
0.496208
0.498918
0.38553
0.433749
0.450854
0.460006
0.467802
0.472708
0.474934
0.478439
0.48042
0.482411
0.341633
0.359443
0.383368
0.40453
0.427017
0.439742
0.444484
0.448007
0.448774
0.449482
0.34064
0.357875
0.373282
0.389407
0.409592
0.423584
0.429954
0.436687
0.437988
0.438707
0.339807
0.358108
0.369807
0.382176
0.396153
0.407396
0.414013
0.423978
0.426959
0.428641
0.339123
0.358005
0.367904
0.37855
0.388941
0.39733
0.402858
0.413916
0.418702
0.421913
0.338675
0.357554
0.366647
0.375811
0.38418
0.389852
0.393683
0.402935
0.408525
0.413305
0.338422
0.356648
0.365895
0.373818
0.380986
0.384782
0.387082
0.393162
0.397809
0.402711
0.33816
0.355329
0.364984
0.372343
0.379087
0.381926
0.38329
0.386637
0.389488
0.392915
0.294975
0.310312
0.328629
0.33658
0.362102
0.38442
0.409463
0.426747
0.431992
0.437275
0.294522
0.309157
0.326774
0.332093
0.347681
0.365143
0.385463
0.402107
0.406531
0.410986
0.29419
0.308182
0.325393
0.330512
0.344047
0.357077
0.372262
0.387499
0.390774
0.393898
0.293661
0.307265
0.323662
0.329137
0.341609
0.352886
0.364747
0.379516
0.382224
0.384446
0.293665
0.306281
0.321833
0.327641
0.339038
0.349259
0.358978
0.37405
0.376836
0.378637
0.29326
0.305228
0.319918
0.326189
0.336345
0.345332
0.353387
0.369117
0.372719
0.374643
0.293648
0.304357
0.318028
0.324869
0.333428
0.341208
0.347524
0.363283
0.368437
0.371161
0.275563
0.283395
0.292687
0.302006
0.311316
0.315184
0.31565
0.315642
0.315637
0.315637
0.275629
0.282816
0.291746
0.300625
0.309708
0.313346
0.314619
0.314882
0.314898
0.314909
0.275553
0.282129
0.290978
0.299391
0.308494
0.31179
0.313651
0.314359
0.314428
0.314478
0.276298
0.281608
0.290373
0.29822
0.307311
0.310385
0.312524
0.31379
0.313934
0.31404
0.27564
0.281229
0.289829
0.29709
0.306008
0.30905
0.311274
0.313156
0.313393
0.313577
0.276224
0.281098
0.289272
0.296046
0.304522
0.307701
0.309825
0.312377
0.312724
0.312996
0.277287
0.280857
0.28872
0.295136
0.302962
0.306257
0.308148
0.311347
0.311829
0.312193
