0.00462569
0.0108998
0.00831092
0.00105871
0.00230339
0.00230896
0.00143078
0.00302029
0.00136718
0.000696859
0.00463223
0.00404951
0.00946824
0.0208123
0.0707826
0.0181632
0.026792
0.0117816
0.00359877
0.00494826
0.00576028
0.0043101
0.00577156
0.00459786
0.0177274
0.0301681
0.0148137
0.0194061
0.0178003
0.00235147
0.0057603
0.00610493
0.00430943
0.00897016
0.0151628
0.004014
0.0132223
0.0205456
0.0241901
0.0251462
0.0057603
0.00492461
0.00074542
0.0049723
0.00754176
0.00138946
0.00383176
0.00148371
0.0010579
0.0033121
0.00340194
0.00576379
0.00579071
0.0058423
0.00593899
0.00603336
0.00550667
0.00615704
0.0062796
0.0046445
0.00349106
0.00576063
0.00526791
0.00576776
0.00577617
0.00578419
0.00578889
0.00579837
0.00546821
0.00471563
0.000621035
0.000621035
0.00176081
0.00476972
0.00770369
0.0129668
0.00975021
0.00215081
0.00260751
0.00222304
0.000621035
0.000621035
0.00551622
0.00475253
0.00515396
0.0160315
0.0193711
0.0255671
0.0238227
0.0388647
0.000621035
0.000621035
0.0005038
0.00344315
0.00354927
0.007779
0.000998443
0.00386766
0.00612551
0.00538303
0.000621035
0.000621035
0.00152897
0.00272655
0.00339891
0.00218377
0.00517836
0.0050846
0.00347711
0.00299469
0.000621035
0.000621035
0.00175793
0.00398585
0.0013075
0.00483595
0.00465368
0.00226294
0.00124799
0.00108072
0.000621035
0.000621035
0.000859609
0.00201234
0.0022009
0.00158919
0.00243673
9.60628e-05
0.00212031
0.000795555
0.000621035
0.000621035
0.000662694
0.000888229
0.000237047
0.00214946
0.00230111
0.0034704
0.003265
0.00165853
0.000621035
0.000621035
0.00628924
0.0288354
0.0742851
0.0192383
0.00547165
0.00689617
0.00681203
0.00579485
0.000621035
0.000621035
0.00577135
0.00661015
0.00833342
0.0305157
0.0293739
0.0123054
0.0487822
0.0111515
0.000621035
0.000621035
0.00567742
0.0047185
0.0102138
0.0150721
0.0132224
0.01478
0.00985466
0.0108718
0.000621035
0.000621035
0.00177833
0.00120266
0.0118399
0.00347934
0.00389009
0.0064876
0.0092272
0.00561623
0.000621035
0.000621035
0.00132212
0.00582454
0.00125185
0.00208489
0.00665084
0.00445088
0.00383374
0.00324065
0.000621035
0.000621035
0.0053186
0.00192662
0.0029557
0.00465152
0.00584865
0.00281034
0.00436335
0.00366403
0.000621035
0.000621035
0.00256871
0.000816774
0.00333192
0.00130045
0.00153765
0.00199677
0.00172659
0.00101148
0.000621035
0.000621035
0.00540145
0.0103436
0.00565301
0.011999
0.00722275
0.00779995
0.00824731
0.00850759
0.000621035
0.000621035
0.00307015
0.00338716
0.00271383
0.0053771
0.00304057
0.000328028
0.00211071
0.00184662
0.000621035
0.000621035
0.00484036
0.00235608
0.00559455
0.000754696
0.00427728
0.00574062
0.00396855
0.00188666
0.000621035
0.000621035
0.00539241
0.00203341
0.00279842
0.00358482
0.00188006
0.00310881
0.000759111
0.00259492
0.000621035
0.000621035
0.00649034
0.000759452
0.00222692
0.00546376
0.00370647
0.00173143
0.000786767
0.00251977
0.000621035
0.000621035
0.00220806
0.00250473
0.00552961
0.00169966
0.00257828
0.00125539
0.00178774
0.00218379
0.000621035
0.000621035
0.00200537
0.0032002
0.00425536
0.00204758
0.0021376
0.00307742
0.0023762
0.00249485
0.000621035
0.000621035
0.00181341
0.00305057
0.00361063
0.0069342
0.00732248
0.00352466
0.00522727
0.0111554
0.000621035
0.000345082
0.00103066
0.00180191
0.00258419
0.00472246
0.00814137
0.00500116
0.00339693
0.00384576
0.000621035
0.000621035
0.000987018
0.000859221
0.00299754
0.00481789
0.00257893
0.00200583
0.00296943
0.00511406
0.000621035
0.000202023
0.00274038
0.00175386
0.00195697
0.00200447
0.00395984
0.00204965
0.00396398
0.00188829
0.000621035
0.000621035
0.000439753
0.00189476
0.00378279
0.00519845
0.00411429
0.00246458
0.0033295
0.00407904
0.000621035
0.000621035
0.00108251
0.00307365
0.000824847
0.000313682
0.00207355
0.00137987
0.00164255
0.00326661
0.000621035
0.000621035
0.000891616
0.00178423
0.00204665
0.00249646
0.00143276
0.00258953
0.00182762
0.00313389
0.000621035
0.000621035
0.00273314
0.00153832
0.00261171
0.00277138
0.00236284
0.00337661
0.00363297
0.00120728
0.000621035
0.000621035
0.00181341
0.00188989
0.00146366
0.00307945
0.00160919
0.00139601
0.00211606
0.00243103
0.000621035
0.000621035
0.00259298
0.00266359
0.000855009
0.00245533
0.00375948
0.00278886
0.00233116
0.00188426
0.000621036
0.000621035
0.000379569
0.00104422
0.000422652
0.00346546
0.00433973
0.00371207
0.00322914
0.00275449
0.000621035
0.000621035
0.00250504
0.000705484
0.00184038
0.000943283
0.000974831
0.00219476
0.00268806
0.00302581
0.000621035
0.000621035
0.00229665
0.00128601
0.00138269
0.00226491
0.0014033
0.000847957
0.000427966
0.000121637
0.000621035
0.000621035
0.00312669
0.000775398
0.00116148
0.00488031
0.00262387
0.00212457
0.00262649
0.00239726
