0.00254659
0.00205804
0.00217276
0.00143605
0.000633217
0.00221765
0.00224718
0.000645615
0.0028161
0.00170388
0.00576024
0.00617238
0.0117876
0.0146625
0.0161108
0.0167865
0.0106942
0.0027527
0.00452054
0.0035343
0.00367699
0.00795461
0.00714107
0.0095162
0.00909679
0.0263746
0.0265338
0.00841624
0.0127508
0.0197874
0.00170924
0.00610481
0.0052952
0.00568913
0.00487521
0.013757
0.0116585
0.0138193
0.0143909
0.0119693
0.00415272
0.00579553
0.00492681
0.0065819
0.00468746
0.00593502
0.00680351
0.00654477
0.00394435
0.00346323
0.000493238
0.00576374
0.00578925
0.00204886
0.00409894
0.00601306
0.00606376
0.00556473
0.00496584
0.00529515
0.00359293
0.00576063
0.00576299
0.0057673
0.00499829
0.00242028
0.00163466
0.00522899
0.00398339
0.00355155
0.000621035
0.000621035
0.00525179
0.00649053
0.00503232
0.00587443
0.00340845
0.000592013
0.00314632
0.0013003
0.000612338
0.000621035
0.00482093
0.00308377
0.00516307
0.0125914
0.00809617
0.0195279
0.0150014
0.0151237
0.000621035
0.000621035
0.00116603
0.00369194
0.00145848
0.00419642
0.00513977
0.00298298
0.00385332
0.014518
0.000621035
0.000621035
0.000850751
0.00352106
0.0038794
0.00291804
0.00163846
0.00512595
0.0020413
0.00331473
0.000621035
0.000621035
0.00166964
0.000736652
0.00360376
0.00058235
0.00480828
0.00261487
0.00179595
0.00219304
0.000621035
0.000621035
0.0008332
0.00105741
0.00193987
0.00186037
0.00105305
0.00145773
0.00152949
0.00310034
0.000621035
0.000621035
0.000658662
0.000871419
0.00144397
0.0020976
0.00161301
0.00339967
0.00170173
0.00103349
0.000621035
0.000621035
0.00874553
0.00489505
0.004595
0.00947971
0.00841775
0.00167623
0.00197183
0.0038091
0.000621035
0.000621035
0.00726835
0.012004
0.0102955
0.00588568
0.00831758
0.0160489
0.0169915
0.0238422
0.000621035
0.000621035
0.00560569
0.00597592
0.000995961
0.00754992
0.00315642
0.0102276
0.0120321
0.018317
0.000621035
0.000621035
0.00438048
0.0044692
0.00732109
0.00606062
0.0121133
0.00437605
0.00337492
0.00706413
0.000621035
0.000621035
0.00231409
0.00357187
0.00289719
0.00497641
0.00702473
0.00269372
0.00272005
0.00371429
0.000621035
0.000621035
0.000629893
0.00184735
0.0026237
0.00385468
0.00170987
0.00428936
0.00383076
0.00399834
0.000621035
0.000621035
0.00329858
0.00281229
0.00044136
0.00170222
0.00325319
0.00143681
0.00245828
0.00146045
0.000621035
0.000621035
0.00297886
0.00131745
0.00227101
0.00463289
0.00662372
0.00472845
0.00395312
0.0032978
0.000621035
0.000570716
0.00406059
0.00197518
0.00123317
0.00338958
0.00344313
0.00265084
0.00242045
0.00155718
0.000621035
0.000621035
0.00111294
0.00236331
0.00413764
0.000355949
0.00356903
0.00179756
0.00238955
0.00260474
0.000621035
0.000621035
0.00421354
0.00460908
0.00339276
0.00528289
0.00190298
0.00284049
0.00224683
0.00132376
0.000621035
0.000621035
0.00406196
0.00298633
0.00120003
0.00279453
0.0014115
0.00140151
0.00153146
0.00180904
0.000621035
0.000621035
0.00192586
0.00355506
0.00246693
0.00225308
0.00117762
0.00117769
0.00323079
0.00312172
0.000621035
0.000621035
0.000494262
0.00141156
0.00228329
0.00337295
0.00202861
0.00394478
0.00223075
0.00201833
0.000558183
0.000621035
0.000915909
0.00131966
0.00257773
0.00269523
0.00568379
0.00198943
0.00851717
0.00110573
0.000621035
0.000621035
0.00101308
0.00219801
0.00235668
0.00236935
0.00417123
0.00136741
0.00444043
0.00304178
0.000621035
0.000582849
0.00169875
0.000676477
0.00152815
0.00224413
0.00146259
0.000793356
0.000494266
0.00171387
0.000621035
0.000621035
0.00176887
0.00225025
0.00134711
0.00110561
0.00459173
0.000987852
0.00138977
0.00273986
0.000621035
0.000621035
0.00185477
0.000486274
0.000638303
0.005905
0.000494521
0.001659
0.00240078
0.0022479
0.000621035
0.000621035
0.000311881
0.00222388
0.00223368
0.00123517
0.00300305
0.000548051
0.00361076
0.000988249
0.000621036
0.000621035
0.0022612
0.00378303
0.00273074
0.00273505
0.0020249
0.00212335
0.00331555
0.0019752
0.000621035
0.000609321
0.00118374
0.00224625
0.000635639
0.000356971
0.000559497
0.000904808
0.00111541
0.000455293
0.000621035
0.000621035
0.000544911
0.00205404
0.000229239
0.00317227
0.00341149
0.00360271
0.00339715
0.00291677
0.000621035
0.000621035
0.0016125
0.000862681
0.000382718
0.00165187
0.00184698
0.00216829
0.00215885
0.00199284
0.000621035
0.000621035
0.00163948
0.00159813
0.00101979
0.0011778
0.000917409
0.0014301
0.00230065
0.0019181
0.000621035
0.000621035
0.00226666
0.000576327
0.00262094
0.000748542
0.000553525
0.00143772
0.00180908
0.00161888
0.000621036
0.000621035
0.00185787
0.00110861
0.00185263
0.00270681
0.00180513
0.000769705
0.00040532
0.000128197
0.000387424
0.000621035
0.00137292
0.00181524
0.00172916
0.00178148
0.00314167
0.00296784
0.0024406
0.00200263
