0.00142099
0.00102478
0.00172517
0.00225232
0.000285406
0.000912813
0.00177251
0.000550351
0.00159
0.00119429
0.00576031
0.00473733
0.00200766
0.00513941
0.0044654
0.00561103
0.00106779
0.00317082
0.00252175
0.00229573
0.00300882
0.00567537
0.00114208
0.00535532
0.00521375
0.00348441
0.006572
0.00883831
0.00664075
0.00267209
0.00474412
0.000508058
0.00583813
0.00198876
0.00466005
0.00246329
0.00565276
0.00167901
0.00726341
0.00710999
0.00165562
0.00431527
0.00378208
0.00189807
0.00405848
0.00324768
0.00243105
0.00249311
0.00268376
0.000392412
0.00334707
0.00317847
0.0045256
0.00577179
0.00586273
0.00188554
0.00124992
0.00364341
0.00563651
0.0036119
0.0028552
0.00142359
0.00514606
0.00263134
0.00312107
0.0029073
0.00182214
0.00477597
0.00533597
0.00380384
0.000621035
0.000605616
0.00444747
0.0013583
0.00362911
0.00336902
0.00185813
0.00139283
0.00140707
0.00139938
0.000338623
0.000621035
0.00118384
0.00283673
0.00467858
0.00364294
0.00657068
0.00191862
0.00244671
0.00121949
0.000621035
0.000621035
0.00218935
0.00194006
0.00253987
0.00138118
0.00287986
0.00229275
0.00138592
0.000665577
0.000621035
0.000621035
0.00145794
0.000560063
0.000917438
0.00326214
0.00319179
0.000431126
0.00348459
0.00136204
0.000621035
0.000621035
0.00122378
0.0042479
0.00144445
0.00102258
0.00262672
0.00261011
0.00236264
0.00350177
0.000621035
0.000621035
0.000745495
0.00144439
0.00133011
0.00229493
0.00126175
0.00198283
0.00152742
0.00177604
0.000621035
0.000621035
0.00064348
0.000776145
0.00114139
0.000797729
0.00183282
0.00129419
0.00284541
0.00205947
0.000621035
0.000621035
0.00150577
0.000390458
0.00186591
0.00712314
0.0017062
0.00147764
0.00271554
0.000909704
0.000621035
0.000621035
0.00583953
0.00121772
0.00427544
0.00302677
0.00590873
0.00793514
0.00214946
0.00331643
0.000621035
0.000621035
0.00436191
0.00313913
0.00281174
0.00211245
0.000957845
0.00837497
0.00335591
0.00336131
0.000621035
0.000621035
0.00278053
0.00181795
0.00240008
0.0038268
0.00349304
0.00294331
0.00450115
0.00321928
0.000621035
0.000621035
0.00318251
0.000427095
0.00280021
0.00505984
0.00189063
0.00210042
0.000924266
0.00221014
0.000621035
0.000621035
0.00256683
0.00328707
0.00130222
0.00258045
0.00181158
0.00334533
0.0042154
0.00362597
0.000621035
0.000621035
0.0021878
0.000927439
0.000830882
0.00281435
0.00192811
0.00100442
0.0031436
0.00239866
0.000332982
0.000621035
0.000938347
0.00288577
0.00115532
0.00240154
0.00280537
0.00216302
0.00182597
0.00164883
0.000621035
0.000621035
0.00121604
0.00152971
0.00121324
0.00187509
0.000799205
0.00248379
0.00233439
0.00183122
0.000621035
0.000621035
0.0016807
0.00140259
0.00311619
0.00163598
0.000707986
0.00353841
0.00325491
0.00254091
0.000621035
0.000621035
0.00259114
0.00478256
0.00137776
0.00431613
0.00212045
0.00013378
0.0019844
0.00179173
0.000621035
0.000621035
0.00304475
0.00151801
0.00353023
0.00165672
0.000771478
0.00159906
0.00147662
0.0025898
0.000621035
0.000621035
0.00413641
0.00175626
0.00323067
0.00316088
0.00272006
0.000297487
0.00330642
0.003288
0.000621035
0.000621035
0.00204692
0.00270664
0.00267084
0.00205971
0.00153869
0.00185914
0.00154661
0.00134746
0.000617216
0.000621035
0.000794169
0.00127471
0.00118141
0.00299423
0.00111067
0.00389596
0.0030276
0.00176166
0.000621035
0.000621035
0.000763007
0.00286524
0.00345052
0.000779019
0.00102298
0.00320874
0.00243219
0.000239799
0.000621035
0.000621035
0.00147835
0.00190488
0.00183806
0.00272626
0.00297026
0.00530944
0.00391808
0.00376311
0.000190794
0.000621035
0.00149492
0.000323034
0.00171719
0.000287449
0.00125131
0.00211572
0.00221908
0.00354247
0.000104706
0.000186856
0.00119753
0.00161514
0.00219855
0.00125987
0.00118741
0.000867665
0.00128533
0.00096664
0.000621035
0.000338701
0.00150107
0.000649471
0.00186444
0.00324213
0.00159587
0.00258447
0.00305954
0.00273765
0.00035948
0.000621035
0.00238932
0.00283165
0.00220117
0.00113217
0.00146478
0.00358937
0.00147495
0.00151897
0.000621035
0.000621035
0.000503686
0.000197386
0.00174045
0.00188635
0.00200267
0.0020878
0.00183217
0.00213866
0.000277199
0.000621035
0.000449577
0.000379977
0.00178362
0.000823041
0.000931874
0.00116478
0.00132668
0.00144394
0.000621035
0.000621035
0.00101592
0.00103511
0.000347497
0.000358486
0.00158287
0.000983888
0.00105186
0.000991352
0.000621035
0.000621035
0.000985438
0.00122728
0.00127807
0.000625806
0.000863229
0.000281183
0.000480906
0.000425744
0.000621035
0.000621035
0.00148577
0.000642372
0.0017198
0.000593426
0.000112805
0.0002223
0.000396453
0.000562025
0.000573707
0.000621035
0.00112979
0.000840351
0.00188928
0.00171064
0.000242035
0.000540269
0.000466173
0.000300779
0.00045542
0.000621035
0.00194598
0.00161236
0.00270912
0.00273176
0.00241708
0.00182338
0.00154147
0.00124213
