0.00220568
0.00178542
0.00390906
0.00421807
0.00136391
0.00204675
0.0024453
0.0018858
0.00204417
0.00281626
0.0022236
0.00187981
0.0168982
0.000720162
0.00263548
0.00464145
0.00384516
0.00273553
0.000768735
0.00369944
0.0057603
0.00640575
0.00768448
0.0130909
0.00566664
0.0111793
0.00459847
0.0112472
0.00475109
0.0123314
0.0057603
0.00606334
0.00691493
0.00210375
0.000755062
0.00984233
0.0106893
0.0050281
0.00416005
0.00703766
0.00281197
0.00579117
0.00602295
0.00288519
0.00337855
0.00368019
0.0039798
0.00481056
0.00644817
0.00469975
0.00299276
0.00576331
0.00503989
0.00151755
0.00294581
0.00597411
0.00599031
0.00395354
0.00303821
0.00549534
0.00369934
0.00548305
0.00553726
0.00437615
0.00577282
0.00577901
0.00578261
0.00578982
0.00417507
0.0028457
0.000621035
0.000621035
0.00485047
0.00587972
0.00432617
0.00641125
0.0011348
0.00185205
0.00189842
0.00171738
0.000621035
0.000621035
0.00258044
0.00365466
0.00358491
0.00515324
0.00425195
0.00765403
0.0115821
0.0040828
0.000621035
0.000587926
0.000299375
0.00337143
0.00202343
0.00231365
0.0071598
0.00257766
0.00617732
0.00602605
0.000621035
0.000621035
0.00260719
0.00112659
0.00215844
0.00498962
0.00176947
0.00642011
0.00187995
0.00495881
0.000621035
0.000621035
0.00147938
0.00179976
0.00205836
0.000344524
0.00167371
0.00410938
0.00576796
0.00292159
0.000621035
0.000621035
0.000796556
0.00176433
0.00177711
0.00157053
0.00246999
0.00241921
0.00313045
0.0014064
0.000621035
0.000621035
0.000652438
0.00083423
0.00132948
0.00189835
0.00176016
0.00186513
0.000697996
0.00185225
0.000621035
0.000621035
0.00736605
0.00422948
0.0116029
0.00957048
0.00534936
0.00195234
0.00174091
0.000328035
0.000621035
0.000621035
0.00638192
0.00500158
0.0063628
0.0133181
0.00981478
0.0179224
0.00410738
0.00687305
0.000621035
0.000621035
0.00395927
0.00471357
0.00857444
0.00908852
0.00602828
0.0159827
0.00427525
0.00483017
0.000621035
0.000621035
0.00170533
0.00249113
0.00339965
0.0017905
0.00410191
0.00838052
0.00810342
0.00615372
0.000621035
0.000621035
0.0044231
0.00300816
0.00725945
0.00769864
0.00578042
0.00334344
0.00434912
0.000815451
0.000621035
0.000621035
0.00154285
0.00157909
0.00278014
0.00284027
0.00451928
0.00209538
0.00405967
0.00394889
0.000621035
0.000621035
0.00283296
0.00174368
0.00259894
0.00310409
0.000373064
0.00398579
0.00181616
0.00210387
0.000241228
0.000621035
0.00212766
0.00181884
0.00553389
0.00422575
0.00224889
0.00277592
0.00249407
0.00208645
0.000621035
0.000621035
0.00229408
0.000786658
0.00572924
0.00150999
0.00172997
0.00200455
0.00112887
0.00428709
0.000621035
0.000621035
0.00399068
0.00213117
0.00335353
0.00352809
0.00415757
0.00325896
0.000505101
0.00335634
0.000621035
0.000621035
0.00107393
0.000788377
0.00307416
0.00292088
0.00183796
0.00220016
0.00369925
0.00338343
0.000621035
0.000621035
0.00363963
0.0028083
0.00136053
0.00201234
0.00445213
0.00249103
0.00108764
0.00348118
0.000621035
0.000621035
0.00211006
0.00290407
0.00205328
0.00293213
0.0017798
0.00376866
0.00464775
0.00101108
0.000621035
0.000621035
0.00195443
0.00254409
0.00101074
0.000955564
0.00116628
0.00456333
0.0028948
0.00117926
0.00049501
0.000621035
0.000851408
0.000844125
0.00139967
0.00352434
0.00468945
0.0032943
0.00447291
0.00531027
0.000621035
0.000621035
0.00103263
0.0015198
0.00145342
0.00182087
0.00113976
0.00224964
0.0026308
0.00191627
0.000621035
0.000621035
0.000373738
0.00144054
0.00284086
0.00363006
0.00187669
0.0015624
0.00209725
0.00314821
0.000594367
0.000621035
0.00222809
0.000672638
0.00244442
0.00106816
0.00212975
0.00141641
0.00252818
0.00337066
0.000621035
0.000621035
0.00153347
0.00146222
0.00165383
0.00099214
0.00220594
0.00120805
0.00180831
0.00119853
0.000621035
0.000621035
0.00182467
0.00309781
0.00282974
0.0038208
0.00101078
0.00307667
0.00300599
0.0023479
0.000621035
0.000621035
0.00280189
0.0011449
0.00370853
0.00296553
0.00236705
0.00158671
0.00328711
0.00216853
0.000621035
0.000512207
0.00121929
0.000731489
0.00277263
0.00211459
0.0022776
0.00250188
0.0026219
0.00274008
0.000621035
0.000621035
0.000349049
0.000627938
0.000993915
0.000654949
0.00106383
0.00122705
0.00132095
0.00142312
0.000621035
0.000621035
0.00215879
3.98373e-05
0.000269886
0.000640193
0.00093757
0.000363534
0.000301379
0.000382434
0.000621035
0.000621035
0.00179646
0.00153094
0.00078056
0.00150499
0.00109372
0.00231769
0.0021465
0.00184923
0.000621035
0.000621035
0.00296712
0.000614421
0.000720928
0.000651139
0.000207626
0.00084365
0.00111879
0.0013766
0.000621035
0.000621035
0.00256929
0.000975273
0.000516078
0.00224766
0.00119755
0.000718856
0.000421729
0.000190418
0.000320967
0.000621035
0.00181879
0.00213773
0.000785052
0.0013666
0.000715308
0.00243382
0.00201794
0.00167044
