0.256115
0.188394
0.186011
0.203009
0.20878
0.209945
0.209843
0.20815
0.207118
0.207139
0.261673
0.209703
0.174074
0.167764
0.186186
0.20681
0.217056
0.232678
0.240453
0.247414
0.272033
0.235873
0.206331
0.186407
0.173899
0.173256
0.175385
0.182412
0.188355
0.195974
0.273554
0.24418
0.224284
0.209812
0.195604
0.187675
0.184594
0.180883
0.179688
0.179379
0.277171
0.253456
0.238683
0.228882
0.219236
0.213192
0.210394
0.205894
0.203366
0.200818
0.282165
0.263425
0.252311
0.245186
0.238346
0.234109
0.232114
0.22885
0.226974
0.225389
0.287172
0.27221
0.263536
0.258225
0.253342
0.250529
0.24949
0.248528
0.248685
0.249603
0.314146
0.31057
0.256699
0.202485
0.168022
0.180676
0.193654
0.208356
0.211578
0.213332
0.309783
0.317273
0.291587
0.265546
0.227289
0.19771
0.183117
0.164181
0.160728
0.164742
0.305102
0.318204
0.309769
0.298828
0.28421
0.269794
0.260627
0.240705
0.226019
0.208574
0.301787
0.315558
0.315776
0.312301
0.307594
0.303882
0.301593
0.296529
0.292535
0.28717
0.298305
0.311795
0.315841
0.316267
0.315794
0.314909
0.314301
0.312914
0.3118
0.310221
0.294816
0.308082
0.312517
0.315109
0.317097
0.317978
0.31831
0.318653
0.318716
0.318659
0.291749
0.304852
0.308722
0.311136
0.314007
0.315542
0.316251
0.317432
0.318145
0.318904
0.32717
0.224965
0.172069
0.138484
0.126096
0.151323
0.17105
0.194609
0.203181
0.209281
0.329078
0.252771
0.198341
0.174961
0.157621
0.150835
0.149273
0.150643
0.154166
0.160351
0.330854
0.280549
0.236452
0.213442
0.196825
0.188936
0.186144
0.183246
0.182282
0.181989
0.331321
0.30025
0.270812
0.25364
0.236933
0.228097
0.224782
0.22115
0.220202
0.22011
0.33009
0.313531
0.295622
0.286577
0.27526
0.268036
0.264849
0.260385
0.258452
0.257054
0.328931
0.322952
0.311435
0.306792
0.300727
0.296463
0.294471
0.291442
0.289883
0.288484
0.326044
0.328516
0.321421
0.319049
0.315821
0.312927
0.311529
0.309295
0.308075
0.306945
0.27721
0.2695
0.256888
0.24509
0.22981
0.222691
0.222633
0.223585
0.223582
0.22355
0.278119
0.271438
0.264938
0.259726
0.250812
0.242075
0.239286
0.238835
0.238698
0.23849
0.279464
0.273548
0.270924
0.269879
0.267384
0.260942
0.256542
0.253573
0.252972
0.252474
0.280665
0.275704
0.275453
0.275621
0.276475
0.27433
0.271151
0.266186
0.264027
0.262195
0.281993
0.277905
0.279197
0.279606
0.281467
0.282027
0.281438
0.27968
0.278214
0.276203
0.283523
0.28015
0.282572
0.282854
0.284533
0.285696
0.286104
0.286952
0.287422
0.28741
0.285026
0.282223
0.286021
0.286044
0.286912
0.287833
0.288284
0.289398
0.290376
0.291544
0.26075
0.2655
0.277471
0.279351
0.275716
0.243263
0.23129
0.228962
0.225361
0.221387
0.261119
0.266475
0.279797
0.282445
0.283813
0.262221
0.254482
0.256093
0.254481
0.252612
0.261298
0.267754
0.281226
0.285019
0.288639
0.275009
0.268812
0.272014
0.271556
0.270899
0.260894
0.268834
0.281962
0.287276
0.292224
0.283136
0.277183
0.279836
0.279849
0.279754
0.260877
0.269762
0.282352
0.289291
0.295118
0.29024
0.284316
0.284865
0.284641
0.284471
0.260534
0.270566
0.28232
0.290837
0.297022
0.296004
0.29194
0.290478
0.289426
0.288568
0.260999
0.271116
0.282054
0.29147
0.298289
0.299438
0.298067
0.297493
0.295758
0.293969
0.251796
0.263388
0.276038
0.283802
0.290749
0.294099
0.294598
0.294742
0.294811
0.294884
0.252134
0.263022
0.276657
0.283599
0.291542
0.293729
0.294526
0.294881
0.294947
0.29501
0.252052
0.263144
0.276712
0.283705
0.292119
0.293701
0.294402
0.29507
0.295128
0.29518
0.253433
0.263747
0.276282
0.284139
0.292579
0.293953
0.294372
0.295403
0.295444
0.295472
0.252785
0.263842
0.275523
0.284765
0.29292
0.294403
0.294501
0.29591
0.295946
0.295954
0.254073
0.263919
0.274777
0.285298
0.293116
0.294795
0.294821
0.296584
0.296638
0.296646
0.255551
0.263429
0.274124
0.285621
0.29315
0.294899
0.295128
0.297288
0.297405
0.29745
