0.218781
0.190368
0.192706
0.199695
0.204622
0.205708
0.205234
0.203357
0.202112
0.201206
0.209833
0.178463
0.164941
0.171819
0.191306
0.206603
0.213398
0.222777
0.227013
0.230592
0.20781
0.180646
0.163535
0.158365
0.163479
0.173498
0.180042
0.192602
0.2003
0.208467
0.210557
0.188685
0.171532
0.161056
0.152677
0.149121
0.148213
0.148095
0.149004
0.150923
0.217951
0.202614
0.190329
0.181689
0.173831
0.169328
0.167339
0.164305
0.162707
0.161184
0.225299
0.214844
0.206758
0.201054
0.195205
0.191601
0.189944
0.187245
0.185753
0.184499
0.231403
0.223927
0.218673
0.214986
0.211454
0.209424
0.20859
0.207588
0.207472
0.208222
0.279719
0.24761
0.197648
0.177138
0.177201
0.18971
0.197079
0.205692
0.208617
0.210321
0.276821
0.265611
0.231921
0.206124
0.181789
0.166872
0.161588
0.159444
0.164286
0.173863
0.27406
0.273587
0.257212
0.241339
0.222639
0.208655
0.201044
0.186308
0.176167
0.164308
0.271178
0.275705
0.268773
0.260603
0.250328
0.242925
0.23928
0.23276
0.228479
0.223374
0.268232
0.275058
0.273589
0.269987
0.264711
0.260562
0.258391
0.254497
0.25199
0.249137
0.265338
0.273115
0.27445
0.273787
0.271911
0.270172
0.269191
0.267313
0.266053
0.264508
0.262878
0.270601
0.273287
0.274232
0.274297
0.274008
0.273794
0.273295
0.272915
0.272414
0.236535
0.169143
0.158944
0.153095
0.153843
0.169038
0.181992
0.194051
0.197198
0.202573
0.239241
0.173567
0.153672
0.145434
0.141685
0.141973
0.143763
0.148957
0.153388
0.160934
0.242236
0.184384
0.163724
0.15256
0.145641
0.142337
0.141079
0.140103
0.140508
0.1415
0.24543
0.195004
0.178844
0.168896
0.162182
0.159026
0.157958
0.157466
0.158253
0.160117
0.248727
0.204709
0.191334
0.184726
0.180715
0.178666
0.177845
0.177094
0.177232
0.178053
0.252007
0.213612
0.201702
0.19691
0.194782
0.194539
0.194452
0.194484
0.194747
0.19534
0.25521
0.222204
0.21108
0.206727
0.204129
0.204585
0.205028
0.205919
0.206568
0.207444
0.219528
0.206691
0.196075
0.190303
0.184526
0.180961
0.180567
0.181715
0.182184
0.182501
0.219629
0.206973
0.195267
0.190678
0.185997
0.182493
0.180997
0.180453
0.180352
0.180288
0.219816
0.208374
0.197629
0.193976
0.191426
0.187588
0.184895
0.182106
0.181497
0.181127
0.220086
0.210032
0.199779
0.196326
0.195613
0.193732
0.19164
0.187895
0.186397
0.185223
0.220656
0.211864
0.20191
0.198344
0.198171
0.197833
0.196933
0.194494
0.192984
0.191408
0.220887
0.213899
0.203936
0.200271
0.199961
0.20026
0.200125
0.19934
0.198676
0.197713
0.221157
0.21592
0.206101
0.202156
0.20137
0.201734
0.201834
0.201888
0.201915
0.20182
0.219709
0.222819
0.219322
0.209504
0.204978
0.195968
0.185822
0.183924
0.182315
0.180577
0.220166
0.223082
0.218691
0.210858
0.205175
0.196729
0.188946
0.18817
0.18715
0.185975
0.220515
0.223445
0.218785
0.212303
0.207393
0.201107
0.194825
0.194331
0.193809
0.193148
0.220556
0.223336
0.219453
0.213743
0.209619
0.20462
0.199312
0.198212
0.197976
0.197663
0.220698
0.222627
0.220377
0.215195
0.211922
0.208192
0.203486
0.201028
0.200705
0.200425
0.220744
0.221955
0.221562
0.216758
0.214054
0.211738
0.208041
0.204119
0.20328
0.202693
0.221428
0.221488
0.222879
0.218332
0.215979
0.21488
0.212508
0.208234
0.206679
0.205465
0.216455
0.214055
0.21651
0.213748
0.214293
0.21534
0.215971
0.216184
0.216248
0.216313
0.216857
0.214645
0.216355
0.213959
0.21491
0.215441
0.215814
0.216198
0.216254
0.216307
0.216888
0.215012
0.216244
0.214389
0.215474
0.215736
0.215756
0.216282
0.216324
0.216365
0.218699
0.21576
0.216138
0.214934
0.216014
0.216164
0.215863
0.216466
0.216486
0.216501
0.218824
0.215949
0.216053
0.215488
0.216526
0.216711
0.21618
0.216773
0.216768
0.216753
0.22009
0.216221
0.216161
0.215946
0.217006
0.217332
0.21671
0.217215
0.217199
0.217163
0.221186
0.216381
0.216241
0.21629
0.217453
0.217908
0.217378
0.217763
0.217744
0.217695
