0.232239
0.192076
0.193885
0.202951
0.207277
0.208366
0.208021
0.206123
0.205023
0.20452
0.228804
0.188397
0.167526
0.171558
0.193058
0.210955
0.219237
0.231086
0.236622
0.241354
0.235995
0.205985
0.186767
0.180906
0.183676
0.189055
0.192423
0.199304
0.20403
0.209708
0.239779
0.215732
0.198228
0.187278
0.179373
0.177046
0.176964
0.178606
0.180582
0.183448
0.24727
0.229828
0.21763
0.209145
0.201299
0.196882
0.195
0.192272
0.190923
0.189688
0.25441
0.24186
0.23397
0.228452
0.222903
0.219425
0.217822
0.215218
0.213831
0.212833
0.259618
0.25007
0.244611
0.241137
0.237993
0.2362
0.235599
0.235165
0.235703
0.237327
0.302201
0.285894
0.224518
0.187227
0.175119
0.188821
0.19802
0.207867
0.210574
0.212259
0.297221
0.30016
0.269544
0.239116
0.203058
0.179702
0.169871
0.161963
0.164184
0.172674
0.293197
0.302613
0.29269
0.278865
0.260414
0.244389
0.234949
0.216006
0.202684
0.18696
0.289135
0.300701
0.299521
0.29504
0.287692
0.281747
0.278513
0.272225
0.267735
0.26209
0.285652
0.297416
0.300217
0.299918
0.297967
0.295918
0.294649
0.292109
0.290296
0.288037
0.282266
0.293972
0.297847
0.29952
0.300602
0.300806
0.300748
0.300379
0.299984
0.29937
0.278948
0.290158
0.294538
0.296814
0.298923
0.30005
0.30053
0.301247
0.301616
0.30197
0.279167
0.190063
0.164486
0.148685
0.144231
0.16439
0.180958
0.197141
0.201613
0.206244
0.282079
0.203146
0.17045
0.156842
0.146271
0.143883
0.14464
0.147453
0.153278
0.161204
0.285362
0.221523
0.191635
0.175887
0.165523
0.160435
0.158656
0.157663
0.158483
0.160182
0.288152
0.238167
0.215487
0.203515
0.193492
0.188236
0.18653
0.185782
0.186823
0.189114
0.290856
0.252394
0.234464
0.228183
0.222949
0.219633
0.21814
0.216544
0.216404
0.217056
0.292502
0.264088
0.249209
0.245553
0.243522
0.242918
0.242569
0.242152
0.242189
0.242561
0.294021
0.273332
0.26154
0.257903
0.256559
0.257003
0.257319
0.25793
0.258416
0.25912
0.244795
0.236967
0.22315
0.214758
0.205358
0.200111
0.199769
0.200836
0.201074
0.201231
0.245809
0.237978
0.225962
0.220823
0.214416
0.208888
0.206296
0.20526
0.205172
0.205076
0.246522
0.239642
0.229886
0.226586
0.224205
0.219058
0.21538
0.212297
0.211636
0.211181
0.247456
0.241473
0.233333
0.23026
0.230516
0.228463
0.22578
0.221106
0.219209
0.217676
0.24844
0.243399
0.23662
0.233133
0.234094
0.234189
0.233342
0.230955
0.229332
0.227436
0.249748
0.24547
0.239739
0.235724
0.23646
0.237291
0.237396
0.237204
0.236898
0.236184
0.25066
0.247653
0.243026
0.238385
0.238264
0.239063
0.239377
0.239975
0.240465
0.240928
0.239705
0.24424
0.251342
0.241656
0.236537
0.218713
0.206364
0.204865
0.202544
0.199976
0.239885
0.24507
0.252014
0.244308
0.239255
0.226177
0.217329
0.218041
0.216729
0.215191
0.23995
0.246181
0.252344
0.246872
0.242436
0.233572
0.226573
0.228044
0.227545
0.226851
0.239558
0.246783
0.252571
0.2491
0.245418
0.238856
0.232677
0.233497
0.233418
0.233216
0.239846
0.246715
0.252868
0.251068
0.248465
0.243988
0.238322
0.237153
0.236915
0.236695
0.239404
0.246277
0.253101
0.252845
0.251163
0.248945
0.244578
0.241349
0.240423
0.239718
0.239859
0.245971
0.253279
0.254448
0.253256
0.253013
0.250587
0.246936
0.245186
0.243611
0.232696
0.23661
0.244085
0.245424
0.247539
0.249417
0.250048
0.250228
0.250294
0.250363
0.2328
0.236987
0.244304
0.245672
0.248276
0.249327
0.249877
0.25027
0.250328
0.250384
0.232978
0.237262
0.244357
0.246232
0.248934
0.249523
0.249768
0.250401
0.250447
0.250491
0.233931
0.237734
0.244276
0.246996
0.249559
0.249932
0.249818
0.250649
0.250675
0.250692
0.233254
0.238
0.244215
0.247741
0.250119
0.250537
0.250092
0.251043
0.251055
0.251047
0.234617
0.238446
0.244228
0.248329
0.250597
0.251217
0.250615
0.251591
0.251599
0.251576
0.236556
0.238325
0.244242
0.248708
0.250971
0.251811
0.251297
0.252245
0.252271
0.252251
