0.198644
0.179451
0.184836
0.192676
0.198575
0.199794
0.199397
0.197769
0.196703
0.19584
0.185822
0.163997
0.160195
0.16577
0.180208
0.191369
0.196308
0.203263
0.206532
0.209452
0.178241
0.153251
0.140692
0.136798
0.139002
0.144863
0.149144
0.158332
0.164968
0.173216
0.181903
0.161007
0.147362
0.1396
0.133412
0.130386
0.129273
0.128079
0.127853
0.128125
0.188017
0.172517
0.161528
0.154751
0.14859
0.145021
0.143441
0.140977
0.13961
0.138244
0.193846
0.182874
0.174539
0.169262
0.164436
0.161533
0.16021
0.15808
0.156821
0.155492
0.199042
0.19119
0.18533
0.181354
0.177604
0.1754
0.174446
0.173121
0.172569
0.172687
0.235431
0.192353
0.164919
0.164922
0.174244
0.184685
0.190636
0.199865
0.203403
0.205436
0.235975
0.20779
0.178611
0.163427
0.154008
0.153152
0.153801
0.155557
0.159982
0.167911
0.236209
0.218515
0.198399
0.184997
0.171462
0.16216
0.157447
0.148893
0.143393
0.137318
0.235853
0.225299
0.211691
0.201642
0.191821
0.185759
0.182925
0.178111
0.175098
0.171607
0.235027
0.229629
0.220826
0.213576
0.205886
0.201027
0.198808
0.195202
0.193094
0.190813
0.23415
0.231939
0.227021
0.222304
0.2169
0.213177
0.211384
0.208396
0.206628
0.204715
0.23315
0.232756
0.230632
0.228133
0.224862
0.22249
0.221288
0.219185
0.217867
0.216398
0.188631
0.145579
0.145812
0.148214
0.154347
0.166009
0.175416
0.186403
0.189654
0.195849
0.189748
0.143663
0.133865
0.131497
0.13106
0.134047
0.138115
0.147383
0.153349
0.158735
0.19132
0.148075
0.134939
0.129156
0.126086
0.124707
0.124165
0.123707
0.123908
0.12455
0.193781
0.153331
0.141424
0.135376
0.131959
0.13057
0.130139
0.129982
0.130422
0.131484
0.19671
0.158625
0.147767
0.142101
0.139563
0.138563
0.138206
0.13795
0.138125
0.138688
0.199534
0.16344
0.153836
0.147913
0.146101
0.145876
0.145845
0.145911
0.146101
0.146507
0.2025
0.167964
0.159763
0.153168
0.150774
0.150804
0.151022
0.151566
0.151988
0.152558
0.186767
0.165289
0.158541
0.157183
0.154944
0.152903
0.152505
0.15313
0.153619
0.154091
0.186621
0.165432
0.15675
0.152614
0.149286
0.147632
0.147146
0.147118
0.147322
0.147511
0.186355
0.166232
0.157933
0.154118
0.15139
0.149047
0.147585
0.145769
0.145371
0.145151
0.186097
0.167178
0.159091
0.155512
0.153639
0.15208
0.150793
0.148445
0.147551
0.1469
0.185877
0.168234
0.160315
0.156804
0.155287
0.154495
0.153726
0.151823
0.150722
0.149727
0.185844
0.169422
0.16147
0.158061
0.156526
0.156175
0.15584
0.154788
0.154014
0.153122
0.186407
0.170696
0.16271
0.159281
0.157541
0.157285
0.157155
0.156723
0.156361
0.155882
0.190731
0.186289
0.176507
0.1684
0.163842
0.162249
0.156298
0.154083
0.153371
0.152596
0.191122
0.186858
0.17645
0.169016
0.163378
0.15812
0.152716
0.150249
0.149505
0.148712
0.192133
0.186866
0.176727
0.169861
0.164753
0.160325
0.155841
0.153336
0.152789
0.152194
0.192696
0.186523
0.177296
0.170739
0.166244
0.162397
0.158626
0.155818
0.155421
0.155027
0.193193
0.186343
0.178188
0.171684
0.167784
0.164538
0.161236
0.157788
0.157312
0.156967
0.193299
0.186443
0.179293
0.172693
0.169299
0.166768
0.164011
0.159802
0.159
0.158505
0.194476
0.18695
0.180578
0.173749
0.170724
0.168901
0.166883
0.162385
0.161021
0.160142
0.196539
0.185181
0.178268
0.174203
0.173065
0.173174
0.173568
0.173787
0.173844
0.1739
0.197004
0.186476
0.178249
0.174521
0.173535
0.173407
0.173515
0.173793
0.17384
0.173886
0.197038
0.187619
0.178299
0.174959
0.173992
0.173741
0.173575
0.173859
0.173892
0.173925
0.197978
0.188101
0.178464
0.175434
0.174464
0.174144
0.173769
0.173993
0.174002
0.174013
0.196996
0.188097
0.178818
0.175887
0.174958
0.174628
0.174102
0.174215
0.174197
0.174179
0.199075
0.188789
0.179253
0.176268
0.175471
0.175178
0.17459
0.174533
0.174493
0.174449
0.199847
0.18948
0.179925
0.1766
0.175984
0.175739
0.175193
0.174954
0.174893
0.174827
