515
430
419
405
378
364
360
353
350
352
367
372
376
379
381
386
475
410
511
635
737
804
818
839
836
821
808
800
792
787
782
775
261
139
177
296
640
961
1126
1427
1608
1779
1870
1914
1935
1956
1978
1995
220
104
29
26
37
50
56
96
161
260
336
403
449
480
508
562
262
184
103
57
39
42
45
66
85
117
135
152
161
165
172
194
365
304
245
192
171
159
144
147
153
166
180
197
212
221
237
334
523
489
442
417
399
376
377
389
398
415
431
448
476
490
494
435
857
187
265
385
428
422
418
405
397
391
390
385
384
383
383
380
865
536
171
111
294
403
444
491
547
603
631
649
660
668
671
686
833
702
453
253
98
14
1
0
0
0
0
1
2
2
2
2
839
756
670
512
315
234
194
145
111
72
58
50
43
38
34
26
813
764
742
678
559
455
407
349
309
265
243
233
227
226
222
213
780
779
763
742
709
644
619
568
533
490
472
459
448
445
441
424
762
765
771
758
748
742
739
717
700
684
672
665
660
655
644
407
452
173
210
272
338
423
422
416
401
391
382
382
378
378
376
376
475
99
73
108
170
227
282
417
489
578
612
629
650
658
664
678
521
108
20
0
1
10
14
24
28
36
41
44
45
45
48
51
544
131
39
0
0
0
0
1
3
4
6
8
8
9
10
11
588
160
52
0
7
19
24
25
30
36
39
40
42
42
42
44
661
212
82
13
12
32
40
49
53
62
66
68
69
69
70
62
733
289
152
46
3
26
35
51
58
63
63
67
72
73
62
42
615
150
56
83
117
120
130
139
148
152
156
157
158
158
158
158
602
155
0
2
10
30
41
55
61
63
64
65
65
65
65
65
648
201
0
0
0
0
0
0
0
0
0
0
0
0
0
0
637
244
3
0
0
0
0
0
0
0
0
0
0
0
0
0
636
322
36
0
0
0
0
0
0
0
0
0
0
0
0
0
656
379
126
16
0
0
0
0
0
0
0
0
0
0
0
0
764
485
190
121
66
11
4
0
0
0
0
0
0
0
0
10
1221
810
466
92
27
88
97
107
113
120
122
124
125
126
127
128
1299
841
448
105
0
0
2
4
7
8
8
8
10
10
11
12
1400
831
437
122
0
0
0
0
0
0
0
0
0
0
0
0
1484
834
429
123
0
0
0
0
0
0
0
0
0
0
0
0
1682
892
544
216
23
0
0
0
0
0
0
0
0
0
0
0
2096
877
618
334
145
41
22
0
0
0
0
0
0
0
0
0
2785
1015
703
424
253
168
130
82
31
11
0
0
0
0
0
0
