251
328
364
362
356
352
350
347
343
338
338
338
338
338
337
337
108
149
246
305
355
376
384
400
408
412
414
414
413
413
412
412
31
0
1
5
9
12
12
25
34
45
53
60
63
64
66
72
41
0
0
0
0
0
0
0
0
0
0
0
0
0
0
0
49
0
0
0
0
0
0
0
0
0
0
0
0
0
0
0
66
11
0
0
0
0
0
0
0
0
0
0
2
3
10
65
75
28
1
0
0
0
0
0
2
7
18
34
48
61
100
210
6
23
130
276
354
359
361
362
364
364
364
363
363
363
362
361
14
0
1
24
82
169
220
281
313
326
337
344
347
350
351
359
25
0
0
0
0
0
0
0
0
0
0
0
0
0
0
0
49
0
0
0
0
0
0
0
0
0
0
0
0
0
0
0
66
6
0
0
0
0
0
0
0
0
0
0
0
0
0
0
87
26
5
0
0
0
0
0
0
0
0
0
0
0
0
0
109
49
28
14
2
0
0
0
0
0
0
0
0
0
0
0
147
76
105
156
213
329
357
361
360
357
356
355
355
356
356
361
144
38
9
38
54
69
87
170
238
294
313
325
328
330
333
335
151
40
0
0
0
0
0
0
0
0
0
0
0
0
0
0
174
44
0
0
0
0
0
0
0
0
0
0
0
0
0
0
188
64
2
0
0
0
0
0
0
0
0
0
0
0
0
0
208
74
8
0
0
0
0
0
0
0
0
0
0
0
0
0
250
121
39
5
0
0
0
0
0
0
0
0
0
0
0
7
283
11
5
21
49
60
64
71
72
74
76
76
75
75
75
75
304
18
0
0
0
0
3
6
10
10
10
10
10
10
10
10
342
42
0
0
0
0
0
0
0
0
0
0
0
0
0
0
348
87
2
0
0
0
0
0
0
0
0
0
0
0
0
0
343
136
18
0
0
0
0
0
0
0
0
0
0
0
0
0
395
182
85
11
0
0
0
0
0
0
0
0
0
0
0
0
486
250
121
89
49
9
2
0
0
0
0
0
0
0
0
0
917
458
187
29
0
28
33
45
52
57
60
62
62
62
62
63
971
483
195
23
0
0
0
0
0
0
0
0
0
0
0
0
1053
526
205
42
0
0
0
0
0
0
0
0
0
0
0
0
1084
528
211
47
0
0
0
0
0
0
0
0
0
0
0
0
1239
586
291
111
15
0
0
0
0
0
0
0
0
0
0
0
1446
585
352
206
101
27
17
0
0
0
0
0
0
0
0
0
1939
656
422
273
169
109
90
70
24
6
0
0
0
0
0
0
