790
490
455
434
403
394
390
376
372
385
401
412
419
421
423
422
1234
915
1122
1361
1506
1512
1472
1384
1319
1232
1185
1161
1142
1134
1120
1102
2160
2399
2625
2955
3231
3392
3469
3563
3594
3630
3647
3644
3631
3635
3638
3643
2160
2417
2616
2682
2871
3021
3095
3220
3306
3396
3442
3481
3504
3519
3541
3555
2141
2303
2401
2445
2487
2530
2557
2585
2632
2670
2685
2690
2695
2697
2682
2706
2200
2318
2347
2387
2382
2383
2387
2396
2407
2432
2454
2465
2476
2489
2483
2189
2204
2258
2275
2298
2329
2370
2379
2412
2431
2440
2394
2304
2225
2154
2116
1429
1638
1797
587
453
478
464
461
440
432
420
417
416
413
413
412
408
1516
1827
1545
1248
883
842
878
977
1082
1200
1248
1275
1289
1300
1308
1334
1420
1745
1663
1535
1330
1154
1066
928
859
809
805
827
851
867
879
919
1307
1637
1679
1645
1529
1448
1417
1347
1313
1263
1240
1220
1215
1210
1205
1205
1246
1548
1622
1647
1612
1567
1554
1516
1475
1461
1445
1442
1437
1433
1428
1419
1174
1433
1550
1617
1631
1632
1628
1616
1602
1595
1583
1582
1581
1579
1575
1550
1118
1351
1459
1529
1581
1607
1613
1616
1612
1607
1614
1615
1614
1612
1610
1452
1327
281
280
345
394
464
467
454
437
418
410
409
409
410
409
408
1346
226
185
266
371
505
588
829
1029
1234
1326
1366
1389
1404
1414
1438
1361
383
156
178
244
310
378
606
752
909
1021
1107
1161
1193
1227
1290
1450
586
281
299
441
506
561
689
762
842
887
907
920
932
941
969
1541
754
473
474
657
760
814
880
930
989
1012
1030
1032
1036
1049
1059
1582
967
681
707
819
967
1023
1094
1125
1168
1187
1201
1213
1215
1223
1139
1694
1159
970
883
939
1090
1145
1242
1287
1334
1355
1364
1358
1355
1290
644
918
475
150
118
165
167
183
187
193
195
196
194
194
194
194
195
905
474
113
14
24
57
72
89
93
97
97
100
100
100
101
102
949
528
154
10
0
0
0
0
5
10
13
13
13
14
14
14
944
585
197
14
0
0
0
0
0
0
0
0
0
0
0
0
946
659
267
31
0
3
2
3
6
9
7
10
11
12
12
10
940
754
397
99
11
13
17
29
37
51
54
58
62
62
61
61
1086
866
513
282
103
49
46
52
63
74
78
82
87
91
91
78
1429
1071
927
299
75
145
148
155
165
174
176
178
179
179
179
182
1523
1087
923
341
22
16
9
11
14
17
19
22
23
25
25
26
1613
1099
956
396
53
17
0
0
0
0
0
0
0
0
0
0
1753
1121
974
450
124
44
21
0
0
0
0
0
0
0
0
0
1968
1154
994
573
236
129
73
11
2
1
1
1
1
1
1
1
2398
1136
1005
739
411
284
192
44
31
21
20
19
19
19
19
18
3199
1249
1040
820
545
517
433
192
107
66
45
43
44
43
42
40
