387
398
387
373
362
356
351
345
342
342
346
347
352
354
354
358
272
261
359
427
492
518
539
564
568
572
569
566
567
566
567
563
121
28
39
54
89
142
173
304
419
551
642
675
701
720
756
793
126
18
0
0
0
0
0
0
0
0
0
1
1
1
2
2
141
46
1
0
0
0
0
0
0
0
0
0
0
0
0
6
152
75
30
5
0
0
0
0
0
0
2
7
12
16
30
169
164
119
67
47
26
13
9
5
12
24
48
82
118
157
198
323
281
39
201
331
385
386
385
377
376
381
376
375
374
372
371
368
357
41
11
60
187
296
342
381
398
429
436
443
450
454
456
464
400
117
28
0
0
0
0
0
0
0
0
0
0
0
0
0
410
195
114
62
0
0
0
0
0
0
0
0
0
0
0
0
435
279
187
144
86
45
25
5
1
0
0
0
0
0
0
0
452
343
277
221
164
142
124
101
81
58
51
46
43
40
39
32
464
368
326
288
264
237
223
200
179
165
157
150
148
146
140
24
259
112
162
214
294
374
383
380
373
366
364
362
364
364
366
364
274
66
37
64
92
141
182
296
359
405
426
434
441
445
449
454
270
81
6
0
0
0
0
0
0
1
2
2
2
2
2
2
302
93
15
0
0
0
0
0
0
0
0
0
0
0
0
0
325
108
31
0
0
0
0
0
0
0
0
0
0
0
0
0
349
111
49
0
0
0
0
0
0
0
0
0
0
0
0
0
407
168
86
12
0
0
0
0
0
0
0
0
0
0
0
22
420
38
22
65
91
97
106
114
117
118
119
119
120
120
120
119
433
42
0
0
3
8
16
31
37
40
41
42
42
42
42
42
473
80
0
0
0
0
0
0
0
0
0
0
0
0
0
0
477
121
2
0
0
0
0
0
0
0
0
0
0
0
0
0
493
190
29
0
0
0
0
0
0
0
0
0
0
0
0
0
495
252
110
16
0
0
0
0
0
0
0
0
0
0
0
0
598
343
155
107
60
13
4
0
0
0
0
0
0
0
0
2
1045
631
280
40
9
70
77
86
92
96
97
99
99
99
100
100
1189
619
292
40
0
0
0
0
0
0
3
3
3
3
3
3
1215
671
287
57
0
0
0
0
0
0
0
0
0
0
0
0
1340
693
303
73
0
0
0
0
0
0
0
0
0
0
0
0
1505
725
413
145
19
0
0
0
0
0
0
0
0
0
0
0
1829
756
459
258
119
35
21
0
0
0
0
0
0
0
0
0
2409
834
556
337
201
132
107
76
28
9
0
0
0
0
0
0
