512647
599320
1.57517e+07
166861
244193
3.52609e+06
2.14029e+06
783663
6.48476e+07
245560
148905
541552
2.86692e+06
1.57254e+08
3.39977e+06
689653
226491
2.5973e+07
2.09571e+06
412872
4.92599e+06
1.13185e+06
3.86191e+07
107014
4.18162e+06
348915
1.19603e+06
1.06909e+07
2.63456e+07
4.27494e+07
4.47113e+06
492396
22704.6
978.024
540.562
2526.71
12918.2
6274.9
18787.4
1.05853e+06
3.01794e+06
129559
801073
487093
72910.3
444309
128729
8.52014e+06
64641
56.6705
19.9249
13.2455
9.31143
9.26494
9.26676
9.28938
9.30767
9.34203
9.36525
9.37888
9.3851
9.3921
9.40136
9.41486
3.42844e+07
818.909
47.8398
29.4373
21.2501
17.4163
15.8876
13.6715
12.5287
12.0315
12.0653
12.0939
12.1062
12.1162
12.1321
15.2698
1.90749e+07
1.20306e+06
106.271
67.5186
45.3008
38.8729
36.132
31.9641
29.6877
27.3821
26.2795
25.6665
35.6314
5908.39
10785.8
49652.3
3.21266e+06
47725.8
217471
200.497
103.366
82.3285
75.4294
65.2344
59.8536
4737.81
3747.49
78008.4
64840.2
7296.23
277964
1.6173e+07
15494.7
3844.02
20400.6
1.24978e+06
1.20549e+07
2.12435e+07
6.84347e+06
709909
210395
1.31385e+06
763361
1.71909e+06
1.3379e+06
4.74989e+07
2.39826e+09
7.28869e+06
1.55394e+07
54.5054
84.973
12150.6
230027
1.78191e+06
1.88083e+06
918313
178425
88091.1
1.65871e+08
952640
1.07838e+07
286916
1.16267e+07
1.20802e+06
3.58697e+07
268.646
38.7848
19.3517
11.9557
9.46103
8.8532
7.90765
7.37975
6.93521
6.72997
6.60208
6.56083
6.54654
6.53114
6.50941
1.47308e+06
1554.72
139.607
53.2989
27.0008
18.9094
16.25
12.8869
11.3615
11.19
11.0662
10.9649
10.8935
10.8421
10.7722
10.6656
1.52516e+06
1.44315e+08
476.807
156.84
64.1374
40.0434
32.7259
24.0756
20.3369
17.1557
15.9034
15.9482
15.9706
15.9839
16.0879
16.2606
1.20624e+06
178705
670544
976.161
219.367
107.305
78.8881
51.3599
41.8032
33.7113
30.3543
29.1219
28.3736
27.8751
27.2754
26.1132
1.308e+08
2.86875e+07
8.84414e+07
5.74677e+06
35696
137305
6577.54
1101.58
574.168
323.529
250.959
217.072
197.2
182.634
153.437
31.2265
5.17435e+06
8804.71
10535.2
5.94429e+07
941733
56038.6
5.14714e+06
5.55525e+06
176069
364241
1.7051e+08
1.10656e+08
303106
5.97823e+08
95601.4
344769
4.46365e+06
1063.91
1.75331e+06
4672.34
200067
89648.8
146245
799860
2.93626e+06
530974
5.01064e+06
1.47628e+07
517390
1.58359e+06
425292
3.97281e+07
241340
14329
15.1965
7.5229
7.01711
6.78461
6.78918
7.02227
7.08906
7.13535
7.1612
7.18181
7.1908
7.19939
7.21316
7.22575
938303
214822
52.0019
7.54878
7.21735
6.99539
6.95071
7.14311
7.30849
7.51486
7.62296
7.68499
7.72443
7.75014
7.78281
7.82949
9.76473e+06
310064
4769.14
8.34272
7.82865
8.13031
8.24597
8.41549
8.5319
8.66158
8.73141
8.77142
8.79714
8.80951
8.83421
8.86116
1.26665e+06
21353.3
108101
10.4856
7.89828
8.41223
8.67667
9.09494
9.34973
9.61656
9.73644
9.85832
9.96938
10.0412
10.116
9.77097
147897
35824.3
146768
1972.25
7.58285
7.59639
7.764
8.07891
8.30107
8.53293
8.65147
8.72926
8.74965
8.74873
8.58996
7777.41
6.05336e+06
10596.7
952.027
158157
1.00811e+06
25247.4
6217.92
1.3193e+07
1.28481e+06
7716.78
77619.1
216822
6.0951e+06
212608
56106.1
18920.3
7.93342e+07
2.566e+06
25.4988
14.1828
10.8246
15.7085
515.451
6214.61
2.31763e+07
1447.22
894.109
1327.4
2406.32
3962.77
8960.43
90499.8
4.49501e+06
409331
24.474
15.343
11.2068
10.6628
10.3717
10.353
10.542
10.6741
10.7204
10.7423
10.758
10.7649
10.7752
10.7894
4.77777e+08
1.67014e+09
48.8685
16.7433
11.6347
11.1813
10.9002
10.3615
10.4711
10.5846
10.6279
10.6521
10.6662
10.6763
10.688
10.6987
6.3224e+06
1.51973e+08
114889
17.7588
11.9812
11.6767
11.4483
10.8225
10.4579
10.516
10.5572
10.5773
10.5889
10.6007
10.6077
10.6231
4.23496e+07
4.66502e+06
435519
4955.69
22.489
12.0859
11.929
11.4821
11.1068
10.7007
10.518
10.5811
10.5943
10.5658
10.5594
10.5619
3.15726e+07
3.63455e+06
808376
292563
357777
7685.64
72637.9
15.8736
15.7879
11.4481
11.2901
11.1681
11.083
11.0429
10.9927
10.9061
3.55308e+08
4.40134e+09
301345
40221.2
29.4147
93080.4
778268
173345
71684.9
446080
23257.3
222562
17557.4
8025.37
7576.61
32084.5
5.81372e+06
1.26296e+08
788454
1.05226e+06
29.145
15.8737
15.1534
11.1774
10.9345
10.6971
10.5772
10.4562
10.5386
10.5166
10.3584
10.32
4.02442e+06
1.03598e+08
226919
634160
26.0258
16.9375
16.2606
12.013
11.7969
11.4933
11.4309
11.2939
11.3308
11.298
11.2364
11.082
1.29548e+10
6.46666e+07
2.04872e+06
40791.9
26.5059
18.5775
16.0151
12.782
12.5413
12.3298
12.1959
12.174
12.1059
12.1106
12.0495
12.0294
2.07429e+09
8.41716e+07
1.35519e+06
4.19656e+06
724.165
27.3129
15.6577
13.4669
13.2829
13.0091
12.9233
12.8861
12.8694
12.8086
12.8056
12.7591
1.31462e+11
1.87872e+06
9.81794e+06
1.30226e+08
1.43622e+07
170300
66488.7
16.8251
13.7943
13.5787
13.4814
13.4607
13.4123
13.409
13.3697
13.3476
9.4216e+06
5.49099e+07
2.77754e+06
1.77168e+09
159563
1.16441e+07
1.71913e+07
429812
82847.2
620.773
15.0904
13.9189
13.7111
13.7495
13.7763
13.7621
