1.41251e+08
3.32091e+06
2.49002e+06
3.83451e+07
4.00149e+07
4.74055e+07
1.46334e+07
4.50898e+06
5.42539e+06
3.21097e+07
6.96941e+07
3.02509e+08
9.04576e+06
3.71121e+06
5.11357e+06
1.01053e+08
4.77072e+08
3.72907e+08
1.63233e+08
inf
1.11047e+08
inf
1.02524e+08
1.08352e+07
5.06057e+07
inf
2.86785e+08
2.50763e+07
8.13972e+06
4.01328e+06
inf
6.06777e+07
3.88456e+08
1.85327e+09
inf
4.49153e+08
8.6155e+07
2.69017e+07
1.38188e+07
1.09607e+08
inf
9.73985e+06
1.65079e+09
1.26587e+08
9.01946e+07
1.32828e+08
inf
8.32988e+07
9.68592e+08
3.72087e+08
7.3085e+08
inf
inf
7.25453e+07
4.50854e+08
1.02087e+09
7.07493e+07
3.83324e+09
inf
1.62369e+08
5.00114e+08
inf
inf
1.60292e+08
3.75834e+08
inf
inf
1.54671e+09
1.07791e+09
inf
7.08053e+08
1.11676e+09
inf
inf
inf
1.3943e+08
1.85754e+10
3.19322e+08
3.95058e+07
4.51099e+09
1.18251e+09
2.92871e+08
2.53843e+09
2.26036e+07
3.87147e+07
2.64751e+09
3.84325e+07
inf
inf
8.52812e+07
2.29866e+09
inf
7.15332e+08
inf
1.99512e+07
4.51039e+08
1.13356e+08
inf
1.91009e+08
9.07305e+08
7.9145e+09
7.52737e+09
4.96596e+08
5.94102e+09
inf
8.94665e+10
1.15483e+08
inf
inf
2.7027e+10
2.26532e+09
1.40748e+09
2.2994e+09
1.32306e+09
6.53927e+07
6.25277e+06
2.29626e+06
2.29591e+10
3.74035e+08
3.91456e+06
2.69382e+06
7.07856e+06
7.36058e+06
2.55867e+09
1.28979e+07
4.89948e+06
2.93796e+06
1.05342e+06
2.06741e+07
6.05703e+09
3.47434e+07
1.26587e+09
9.27475e+07
inf
2.73738e+06
1.4057e+09
inf
1.936e+07
4.93012e+06
1.27314e+08
5.23803e+06
1.12273e+07
8.22389e+07
inf
6.34662e+06
3.23014e+09
1.1275e+09
2.36078e+09
6.74466e+07
4.79664e+07
1.0106e+09
9.53871e+08
4.04705e+09
2.25513e+08
7.15247e+07
1.33758e+08
2.67526e+07
1.71229e+08
2.83123e+07
2.43651e+08
5.00785e+08
7.48513e+07
3.14637e+07
1.41924e+07
3.1549e+09
4.01355e+09
4.0547e+07
2.12328e+10
1.2989e+09
1.2519e+10
1.69692e+08
2.27674e+09
2.78393e+07
3.55327e+07
1.34916e+08
2.53981e+07
1.17196e+09
1.55016e+09
4.13239e+07
7.07812e+08
9.59256e+07
9.42105e+08
8.47901e+08
5.58443e+07
1.04375e+09
8.4794e+08
5.18458e+07
5.71586e+07
1.05351e+09
1.78113e+07
4.3464e+08
1.67794e+08
8.66955e+08
1.58417e+09
2.40096e+07
5.24886e+09
4.84212e+07
7.11397e+07
3.35486e+09
4.48926e+09
2.88953e+08
5.99412e+06
1.75409e+09
6.8143e+07
3.27098e+08
2.33591e+08
8.40503e+08
1.94498e+08
2.58544e+09
2.13916e+08
4.96591e+07
5.88406e+07
1.60133e+10
1.41277e+09
6.2412e+07
4.31554e+07
1.93029e+08
1.29639e+09
1.68462e+08
1.06383e+10
2.65501e+08
2.96578e+08
1.10537e+11
2.62248e+07
7.74495e+06
8.9503e+06
850082
782918
228139
1.42119e+08
3.62485e+06
1.24609e+08
5.11582e+06
1.83072e+06
7.25342e+09
5.21945e+07
2.22397e+08
1.55681e+07
3.06329e+07
763145
8.83947e+06
1.2244e+07
1.02699e+06
670600
2.84705e+08
1.5697e+07
559371
6.95995e+08
7.95864e+06
8.72403e+07
1.58562e+08
1.24402e+07
5.67473e+07
2.87288e+07
6.09371e+08
2.77489e+08
1.38465e+07
1.68009e+08
3.3267e+07
inf
7.10572e+06
3.29692e+07
7.57019e+07
2.78234e+07
6.13099e+07
1.73608e+09
inf
2.05644e+08
2.08895e+07
2.76808e+09
2.67176e+08
3.52429e+08
9.65384e+07
6.42756e+07
1.10333e+08
3.2539e+07
4.79556e+07
1.65996e+08
2.71448e+07
3.1806e+09
2.05128e+09
7.24756e+07
6.87001e+08
1.16146e+09
5.39208e+08
inf
1.18707e+08
5.91863e+08
3.53134e+08
4.55909e+08
1.21391e+08
9.341e+07
inf
inf
2.40978e+09
7.30611e+07
5.83585e+07
3.16019e+07
1.60828e+09
9.78736e+06
1.53627e+08
2.33484e+08
inf
1.31696e+08
6.67105e+07
inf
1.87159e+07
4.1352e+09
8.17623e+07
5.72507e+07
3.74447e+07
6.26213e+08
5.7273e+07
1.70749e+09
1.63594e+08
2.51663e+09
6.88689e+07
5.92454e+07
6.41468e+07
2.09707e+07
6.08873e+10
1.18952e+09
1.37094e+08
inf
1.29843e+07
5.49578e+08
2.32972e+09
1.17878e+08
1.37735e+10
1.1489e+09
7.72039e+06
1.51794e+08
1.37747e+07
6.93194e+08
2.00086e+09
inf
4.06345e+08
1.29504e+09
4.28479e+06
2.60424e+07
25846.9
136866
76753.4
5.53392e+07
60860.6
82249.8
960771
8.95805e+06
672335
316084
8.58999e+07
601342
3.00799e+08
5.93454e+07
1.1565e+08
223862
66544.2
2124.48
105443
48056.5
224822
198158
149206
inf
150247
2.5484e+07
151448
25149.3
3.87538e+06
7.7552e+06
1.41536e+09
506124
367.887
215.115
160.772
1.32455e+06
3490.72
18815.1
50924.8
4537.93
117848
29084.6
3930.57
5681.93
3.31103e+09
5.05223e+07
2.12138e+07
1.44204e+06
1281.89
1027.97
626.371
408.983
395.564
684.139
753.636
757.038
747.711
738.113
720.504
696.466
7.08222e+07
2.66663e+08
4.29952e+07
9.52309e+06
2.06345e+06
1.89919e+06
91544
109154
1.18134e+06
2.42291e+07
916116
3.17598e+06
408452
941263
766229
8.58908e+06
3.55598e+07
1.86891e+07
2.20417e+08
2.07603e+08
483581
1.92566e+07
196142
946920
7.82502e+06
7.05463e+06
5.93453e+06
749869
189231
6.13094e+08
1.98445e+06
1.79254e+06
1.22505e+08
2.41048e+09
6.15195e+08
1.69952e+08
6.37186e+06
811220
880033
920656
1.38213e+06
2.03923e+07
3.2856e+07
2.95545e+08
4.8158e+07
2.30687e+06
1.49419e+06
6.71593e+08
8.719e+07
2.55342e+07
1.20838e+09
6.13599e+08
5.43059e+07
3.09048e+08
16621.9
1.02467e+06
46317.8
431219
6.26304e+06
46716.3
4.24321e+06
306392
1.71854e+06
1.49596e+06
4.94098e+07
1.3931e+07
1.04647e+08
2.22218e+08
5.22199e+06
2.96774e+09
1435.33
1809.96
556.924
212969
17088.6
55214.1
242318
13533.1
77536.8
29584.1
5.70688e+07
1.90517e+08
3.60334e+08
2.03855e+08
1.10617e+07
1.13874e+10
13079.5
535.778
467.509
397.807
333.802
315.081
331.576
335.626
327.08
324.176
4.59269e+08
6.34344e+07
7.53764e+08
3.27381e+10
1.34369e+08
8.54918e+07
4.65745e+07
5928.29
2390.59
1536.48
1505.33
1388.21
1345.25
1324.83
1268.87
1284.71
2.96583e+09
2.16455e+06
4.6876e+09
3.87447e+09
7.16576e+07
2.61787e+08
3.20031e+07
1.01199e+07
842225
843901
111158
201126
1.04269e+06
417382
1.73132e+06
2.11893e+06
5.69175e+08
3.78343e+10
2.60478e+07
7.42303e+07
8.49143e+08
9.67897e+07
1.61983e+08
1.10586e+06
195185
2.12033e+07
5.0265e+06
372424
483306
314101
130724
208368
1.21298e+12
3.15394e+07
2.73979e+09
3.04452e+07
1.16348e+08
6.82447e+09
2.51398e+08
5.71994e+08
4.14032e+06
6.34019e+06
5.16094e+06
3.16958e+07
1.38963e+06
192035
761502
1.4208e+09
