1.20725e+06
1.47882e+06
5.37792e+09
88847.4
1.73117e+06
813016
2.12607e+08
7.04241e+08
1.44375e+07
4.04873e+06
5.16049e+07
1.57754e+06
795324
1.05277e+06
2.14913e+06
1.03231e+07
1.08304e+06
4.74179e+07
481909
7.92254e+06
3.12398e+06
4.88714e+06
3.34991e+07
9.66148e+06
4.91269e+06
8.34599e+06
3.66421e+06
1.99605e+06
2.83966e+07
3.93821e+07
1.93745e+07
2.74033e+09
778663
87861.9
9.65094e+06
300072
484008
2.41705e+06
7.81185e+06
1.10558e+06
4.98083e+07
inf
3.55142e+07
1.09741e+07
inf
8.18964e+06
2.61099e+06
3.72159e+06
6.05218e+06
519914
97.1672
41.3642
61.167
89.8162
114.753
202.076
333.756
1033.29
8679.84
478529
31995.8
1.17655e+06
42374
40009.6
574124
356368
24372.7
171.039
79.8241
70.1641
73.4983
80.1524
84.7972
90.6903
93.9654
95.8199
96.8297
97.2982
96.8302
2780.18
1.1208e+07
5.15721e+06
8.38664e+07
517812
396.379
237.515
195.906
144.647
121.764
101.595
5254.81
2376.44
12533.4
267972
314122
3.91168e+07
5.09943e+06
1.47263e+07
1.0553e+08
971097
1.09999e+07
12263.2
143168
12802
15779.4
28187.9
27599.3
80724.7
1.71684e+07
84768.7
440787
393388
1.82136e+07
6.181e+06
196161
777561
278621
2.8328e+06
357020
9.23733e+06
848501
6.52733e+07
3.40733e+08
8.4678e+06
1.79818e+08
1.05592e+06
3.78578e+07
2.45483e+06
3.97723e+06
582028
8185.15
61055.9
4.57218e+06
6.69299e+07
1.73275e+06
1.45766e+06
9.85639e+06
2.08914e+06
1.44875e+06
2.0397e+06
3.74041e+06
900007
1.00067e+06
3.73301e+06
1.21949e+09
7.11868e+06
6.23791e+08
958.076
96.0205
50.8649
39.1399
25.8519
20.5244
16.3048
14.8297
14.2975
13.9926
13.7998
13.576
13.2769
1.78775e+08
2.2287e+08
1.06139e+10
150284
936437
672.192
365.728
168.618
115.767
80.8791
68.6637
62.647
59.2852
57.1145
54.5519
51.1898
4.19556e+08
2.40372e+08
4.42992e+06
1.50029e+07
4.78114e+06
5.80143e+06
4.34914e+06
5.47415e+07
521348
2332.59
936.676
629.401
504.32
439.039
374.071
300.801
1.40809e+10
2.87215e+07
3.1746e+07
2.09016e+07
3.30262e+07
8.13506e+07
6.16626e+07
1.02197e+06
3.68626e+07
2.45005e+07
4.29017e+08
758309
1.58946e+06
2.67405e+07
5.99465e+06
1.1069e+08
4.96564e+07
3.80319e+09
1.16738e+08
2.27479e+08
8.82011e+07
1.14764e+06
2.3468e+08
8.3285e+06
1.85771e+09
4.26473e+06
1.61913e+07
5.02323e+08
1.02344e+06
5.33125e+06
1.15362e+09
672544
3.62884e+06
2.61891e+07
15287.8
749598
219379
291253
86966.2
387846
1.49307e+06
146701
9.11141e+07
2.43447e+06
2.02283e+06
1.16117e+08
529931
7.91302e+06
5.04087e+07
93375
1209.31
178201
39872.2
8.58456e+07
245301
3.29738e+07
3.64592e+06
1.19943e+06
3.40879e+10
6.18991e+09
2.77763e+06
1.65998e+06
2.29914e+08
3.30269e+07
5.93801e+07
1.04208e+06
162091
11.9556
11.1554
12.8833
21.1174
76.2238
749.269
128250
1636.96
608.989
393.382
414.538
545.581
862.974
1.05564e+07
160232
87545.2
15.2166
15.8379
16.2412
16.6297
17.8907
19.7921
23.0748
25.1794
26.534
27.4618
28.1036
28.9332
30.2238
4.56446e+07
92365.9
16525
23.5067
29.1327
35.3566
37.6786
42.3219
46.3628
52.5006
56.4919
59.1097
60.9934
62.2784
64.0478
66.5836
9.60771e+07
1.56767e+06
552689
136.486
30.8206
47.1518
57.8945
81.7443
101.636
130.897
149.758
163.418
172.472
178.626
184.741
120.622
4.14027e+06
349395
264664
100795
22.0622
28.5031
32.9557
43.452
53.261
67.738
76.4421
81.0033
80.8035
74.6427
51.09
135354
2.69634e+07
86320.5
73934.3
25553.9
67685.7
298449
684874
255548
192872
8620.77
22577.5
6990.33
11830.7
17809.5
116068
146027
5.56274e+07
2.22106e+06
124.817
34.5397
207.658
343.666
811.143
15523.8
2454.9
3.03248e+07
1327.13
64185.7
1891.44
1428.49
2509.45
8582.06
2.41367e+06
357277
88.8885
34.8229
20.5684
17.6094
17.149
17.1967
17.5964
17.8741
17.9707
18.0176
18.0494
18.064
18.0868
18.1161
1.16648e+08
6.0733e+06
145.026
40.9061
21.2914
18.645
17.9777
17.2105
17.4479
17.6858
17.7784
17.8302
17.86
17.8799
17.9046
17.9286
1.03473e+07
9.36502e+06
4.01722e+07
50.9559
21.9512
19.74
19.2
17.7449
17.4114
17.5411
17.6276
17.6705
17.6961
17.7196
17.7347
17.7679
5.24255e+07
1.05661e+09
403046
69861.6
120.575
20.6183
20.2368
19.1954
18.3172
17.3904
17.3074
17.662
17.6879
17.6401
17.6306
17.6374
1.48317e+07
9.39962e+07
3.45977e+08
1.66259e+06
9.43242e+08
45423.3
632.665
37.6094
27.3696
19.0188
18.6543
18.3763
18.1911
18.1004
17.9857
58.9968
inf
4.91983e+07
2.87852e+06
702863
8.08556e+06
2.05362e+06
27037.4
19059
148603
176816
101725
29897.9
31835.9
312618
1.05958e+06
1.40575e+06
8.71e+06
9.50768e+06
inf
1.4119e+06
67.7484
34.5363
32.6369
19.4588
18.6439
135.061
1747.58
133.907
65.4494
53.056
65.4794
99.0962
7.24686e+07
1.37857e+07
572348
18587.5
88.7061
37.4597
35.925
21.6513
20.2033
19.4554
19.291
18.9254
19.0281
18.9156
18.832
18.4695
3.91101e+08
6.36833e+07
1.69948e+12
5.4927e+06
88.7875
42.6896
35.3014
23.9983
22.0894
21.4835
21.1486
21.065
20.9342
20.9116
20.7463
20.6826
2.62827e+08
1.4236e+08
1.00323e+07
967590
195007
73.3735
33.6169
26.249
23.9144
23.1858
22.9391
22.8458
22.8133
22.6329
22.6954
22.5043
3.0157e+07
2.71884e+07
1.01134e+08
2.23726e+06
3.92689e+06
11447.4
344744
31.3283
25.2447
24.5605
24.3163
24.2403
24.1218
24.0876
23.994
23.9575
4.57579e+08
2.06282e+07
6.0578e+08
790028
5.05675e+08
1.4645e+07
574437
867686
44322
1639.28
32.0151
25.3519
31.8128
24.9383
24.9857
24.9564
