3.70159e+07
1.25099e+07
6.1251e+06
4.70366e+06
1.38565e+07
9.30813e+06
1.17032e+07
2.45247e+07
5.28064e+06
7.27846e+06
1.12786e+10
3.06653e+07
9.87109e+07
8.41466e+07
2.27698e+07
1.19276e+08
2.22504e+09
1.62019e+06
719880
1.03249e+07
1.04054e+07
3.40523e+08
2.11184e+07
inf
1.00596e+07
1.50904e+11
4.38553e+06
1.02932e+08
3.14886e+10
1.246e+08
3.50376e+06
5.04317e+06
5.46945e+06
548727
8.42529e+07
9.43808e+06
7.6986e+07
8.4649e+07
6.45728e+07
5.41974e+08
1.10443e+08
2.48119e+07
1.324e+07
inf
4.38504e+08
5.31262e+08
3.76446e+07
1.80212e+07
inf
5.49707e+06
689536
1.21111e+07
6.38106e+06
188800
3.15694e+07
3.91175e+06
3.15386e+08
3.9906e+07
inf
5.76594e+08
inf
1.91478e+07
inf
2.37475e+08
2.07498e+07
1.33424e+07
5.9276e+06
1.48368e+09
187681
7.85031e+06
1.09295e+06
5.81455e+07
1.63963e+07
4.04176e+08
6.66124e+08
1.90843e+08
2.26791e+07
2.15584e+07
1.25055e+07
7.68101e+07
2.24708e+09
3.37949e+07
1.0938e+09
2.82793e+07
1.23489e+08
1.66187e+08
8.27784e+07
inf
1.33455e+10
4.34063e+07
2.21976e+08
1.22993e+09
2.45379e+07
2.31108e+08
2.81187e+07
1.32214e+08
1.5122e+09
1.02961e+07
inf
1.47516e+09
6.72176e+07
5.88595e+07
1.21271e+08
5.81319e+08
5.61208e+07
6.93647e+08
3.69901e+08
8.77088e+09
5.31387e+07
2.26622e+07
inf
5.80309e+06
3.75043e+07
9.32395e+06
1.92164e+07
2.92003e+08
1.27576e+06
2.87159e+06
4.97705e+07
3.2087e+06
1.0757e+07
1.36813e+07
3.07192e+06
1.61862e+08
1.04469e+07
1.77569e+06
1.39816e+06
1.60769e+09
2.85734e+09
1.61697e+09
1.4873e+08
47471
208541
inf
9.46375e+06
752320
2.31223e+06
3.62036e+06
1.09613e+07
1.2783e+08
2.12465e+07
5.21804e+06
2.84521e+07
5.20673e+06
inf
3.49159e+10
1.82095e+07
3.07047e+07
2.44812e+06
2.49452e+06
757025
1136.4
430.577
218.654
18384.6
394.168
12669.4
390.247
291.951
2792.72
2.31411e+08
8.43287e+07
3.91846e+06
6.98387e+07
8.90239e+07
2.68879e+07
1.23869e+08
3.7372e+07
2.83325e+07
6.54876e+06
1.26172e+06
1.16063e+07
1.24554e+08
1.53108e+07
1.11603e+06
7.73732e+06
1.35461e+09
1.88738e+07
8.96164e+07
4.4049e+08
3.99349e+07
1.82882e+06
3.75801e+07
1.85543e+07
7.29473e+06
2.94942e+07
6.55432e+08
1.0574e+07
1.914e+06
8.34077e+06
888716
2.78919e+06
6.72106e+07
2.09607e+08
2.22041e+09
2.57156e+08
3.29382e+08
7.25453e+08
2.22444e+09
4.44242e+09
5.03612e+08
1.84534e+07
7.83934e+07
3.84506e+07
2.06139e+08
3.31096e+10
4.34744e+08
inf
8.76653e+07
7.83372e+07
9.4964e+06
2.39992e+11
5.47493e+07
7.09044e+07
1.25493e+08
9.70043e+08
3.19831e+08
2.0463e+10
3.30834e+10
3.75351e+09
inf
2.84396e+07
6.12688e+08
1.81656e+07
5.88799e+06
3.7059e+08
718240
1.69936e+08
1.15672e+06
2.33022e+07
2.27953e+06
1.4211e+08
1.48376e+06
1.57997e+08
3.32773e+08
3.00988e+10
1.62597e+09
9.67051e+10
4.52914e+10
2.33119e+11
3.44091e+07
284837
140981
94988.2
2.67664e+07
1.10505e+06
8.68899e+08
2.16798e+06
1.01663e+07
1.09175e+08
2.92114e+06
2.03749e+08
4.00252e+06
1.49927e+06
2.46749e+06
6.91858e+07
8.18585e+07
36271
133222
61.6651
4263.49
124912
3.47223e+08
5.79624e+08
101163
122512
88331.6
102211
78678.4
5.04803e+07
5.23897e+06
24650.2
2.81854e+08
39791.2
90821.1
235.53
1645.7
4717.42
14173.4
21086.8
321114
190905
3.01414e+07
238073
1.48198e+06
2.36461e+07
3.76876e+06
1.15564e+06
1.48708e+06
189939
407539
1503.15
1.7999e+06
200580
89741.5
38992.9
382250
2.43832e+06
179397
687257
1.15545e+06
194061
3.77014e+06
781563
3.12773e+08
2.18841e+06
22868.1
1.5088e+08
70089.6
1.18536e+06
366374
517057
1.77704e+06
3.09144e+06
360783
3.03831e+06
2.53873e+06
709766
inf
332549
8.8379e+07
5.74929e+06
1.29057e+07
11143.8
8.86303e+06
124194
252837
302498
475256
20125.8
6.41026e+06
2.34424e+06
1.9005e+07
9.34415e+08
3.98894e+08
53635.4
1.10423e+06
449594
136259
16301.3
26506.5
705190
395752
76188.8
580760
42215.5
13119.9
148962
120694
23354.3
20261.7
295169
688400
4.74832e+06
1867.22
76.078
7638.28
11039.4
58781.8
7995.2
14889.4
124768
26807.2
29021.1
29590.1
30193.2
30155.8
29473.7
3.8116e+06
441711
3761.05
89.3875
35.5078
30.5823
28.2118
25.7312
26.2626
26.6988
26.866
26.9327
26.9952
27.0298
27.0668
27.1122
1.7845e+09
541797
163448
113.97
43.379
37.7126
34.5039
29.6427
28.1028
26.5269
26.5578
26.6606
26.6769
26.7145
26.7535
26.799
3.14771e+07
9.00901e+06
1.08506e+07
150.276
53.193
48.3893
44.5747
36.1688
35.0937
32.9274
31.75
31.0973
30.727
30.4712
30.1716
29.76
5.17491e+10
7.36738e+07
1.13776e+10
18086.4
306.011
62.1881
59.1801
50.8178
48.4069
41.8904
40.9095
40.2155
39.7213
39.3923
38.9731
38.3196
3.21069e+07
1.36543e+09
4.33767e+06
1.28916e+06
193690
3921.17
535.484
69.1353
65.1589
67.4273
65.5249
63.5617
62.1145
61.2012
59.6683
649.086
4.01697e+07
2.28859e+08
673882
6.32182e+06
20789
199120
8095.3
891037
5.39831e+07
3.48803e+06
846762
1.26257e+06
1.32509e+07
125417
60011.3
41650.5
2.04634e+08
1.64952e+07
inf
2.18351e+09
189.771
105.932
374.891
252.85
2891.03
1137.14
796.104
90967.1
3542.39
20349.6
61981.1
11204.2
3.78987e+08
1.64863e+08
2.06648e+09
2.46858e+07
186.82
95.1411
81.8519
39.2272
36.4092
36.3215
36.1531
35.6222
35.5941
35.2928
35.1919
35.1321
2.23527e+07
9.41811e+07
8.07404e+07
573214
824.959
150.457
140.318
52.1098
46.2911
43.701
42.6422
43.2272
43.1296
43.0524
42.9412
42.8394
2.45775e+08
5.97472e+07
6.6611e+09
3.08109e+07
120036
2276.93
240.479
77.1729
61.1268
55.2756
54.1878
53.5216
53.402
52.4204
52.0108
51.8325
2.60792e+07
2.15662e+07
1.99052e+07
1.48663e+09
396029
1.25079e+06
94351.7
122.365
85.046
75.7978
71.3265
69.3475
68.1303
68.2747
68.3631
66.2298
1.30387e+08
inf
2.73029e+06
2.01961e+07
3.00407e+09
8.80068e+07
8.79482e+06
1.95484e+06
38085.8
3157.23
99.5863
94.8604
93.3141
91.4977
88.3561
87.8401
