2687.43
995.316
629.415
1069.54
1766.27
1778.49
1326.94
2053.23
1243.99
1511.84
771686
2930.1
8465.36
6611.02
3095.71
10244.4
152820
268.339
148.152
1225.26
1353.86
26276.8
3777.64
inf
2106.64
1.03226e+07
789.463
8832.57
2.14902e+06
20744.8
1232.42
1772.88
790.647
137.076
6326.56
1285.53
5799.35
14646.8
7153.1
42963
17015.6
3804.71
3196.96
inf
31906.9
44354.6
7006.89
2881.05
inf
638.056
89.0587
850.6
493.878
68.141
2212.92
933.2
22104.8
4144.48
inf
73010.8
inf
3955
inf
30586.3
1686.52
1566.57
636.73
107493
50.4038
865.922
163.282
5940.33
1840.88
28765.1
47845.4
21657.1
3627.45
2731.51
2876.33
8748.87
155807
3730.18
78692.8
3615.29
15644.8
17831.3
10192
inf
913038
4967.41
19411
95070.8
4401.31
17271.7
5002.61
11089.2
180811
3306.54
inf
107405
8672.04
9205.39
10624.4
50805
6181.17
50465.2
51315.9
612265
8828.39
5813.65
inf
689.372
9873.69
1800.08
1393.09
37210.4
228.538
340.003
4392.09
943.756
1750.05
1850.96
991.311
11764.5
1675.36
436.329
429.24
109980
200692
177905
11826.4
17.0822
38.6499
inf
754.166
132.734
453.87
501.842
1253.92
9452.41
3766.12
1012.1
3748.01
1033.61
inf
2.38363e+06
5553.05
2734.1
535.234
251.446
75.5564
5.86768
5.23621
4.8803
6.03566
4.79408
5.61955
4.79056
4.81111
5.35837
30952.1
9822.17
1412.36
6013
13370.1
3759.98
8932.1
4851.76
2772.48
809.738
178.092
1948.88
8731.64
2420.45
432.04
836.993
125066
5013.89
16030.8
36642
6027.82
588.487
5800.15
2408.89
1670.68
3684.28
48462.5
1344.19
330.591
895.626
348.559
663.256
10931.1
28872.5
239966
38298.4
39915.1
58464.6
171969
304381
41651.3
4245.33
12371.7
11230
20947.6
2.26156e+06
36285.6
inf
14282
11092.8
2347.4
1.6377e+07
9540.95
9873.52
11199.4
83490.7
46889
1.4001e+06
2.265e+06
266396
inf
5356.24
43343.8
1906.31
718.19
25308.2
122.063
11677
214.448
4054.74
430.757
11228.6
497.649
14971.9
23979
2.0629e+06
164492
6.62102e+06
3.14408e+06
1.59111e+07
3065.89
41.7007
19.953
21.06
1836.33
133.862
59387.5
323.514
1187.56
7569.33
781.959
14094.5
440.185
301.922
609.9
7827.15
11095.9
9.81568
15.4676
3.76307
4.56513
14.1734
23719.8
42938.6
23.1698
17.24
23.1645
24.9527
19.6283
4955.11
573.26
13.3601
22504.5
19.0586
11.9467
4
4.30345
4.6451
5.41692
7.23047
29.1475
22.5085
2144.57
31.5348
121.91
1853.41
283.56
110.681
299.687
45.9
43.7824
4.54618
149.23
55.7248
19.1603
12.2581
43.5463
243.932
34.3772
128.729
114.296
44.8384
294.56
165.96
24502.4
303.559
11.0351
10300.1
17.6034
151.895
40.6526
51.0064
184.822
335.657
75.5717
278.9
223.492
105.923
inf
62.7919
12374.5
629.722
1009.57
8.22942
617.091
29.0317
46.687
57.0171
62.4007
13.9345
511.721
307.13
1918.16
65078.6
27257.2
8.59383
271.787
77.1992
13.7401
5.73543
7.30609
58.1902
39.3119
12.3918
55.2683
10.3858
7.73166
20.6911
13.8091
7.11356
6.86655
26.4948
301.989
533.804
4.10754
3.54306
4.03093
6.11258
7.88891
4.70206
6.42774
16.8097
7.6667
7.3671
7.01512
7.12274
7.40555
9.30585
984.475
126.821
4.35142
3.57596
3.49812
3.46499
3.44716
3.44019
3.44344
3.44557
3.44664
3.44736
3.44784
3.44818
3.44862
3.44934
141087
100.959
15.9298
3.63168
3.56153
3.53723
3.51597
3.48962
3.48482
3.47995
3.47771
3.47654
3.47583
3.47538
3.47485
3.47412
4941.16
821.55
751.624
3.71209
3.61473
3.60652
3.5941
3.56855
3.56016
3.55076
3.54596
3.5433
3.54167
3.54062
3.53932
3.53706
3.5827e+06
6313.96
776452
6.31957
3.68784
3.66147
3.65959
3.64846
3.64573
3.64042
3.63617
3.6333
3.63129
3.62983
3.62761
3.61689
3814.26
99129.8
635.647
163.337
35.3853
4.61875
3.82794
3.71257
3.71633
3.72013
3.72047
3.71975
3.71805
3.71624
3.7108
3.74132
9311.01
19461.1
389.748
977.796
6.02374
30.9488
5.37606
76.0924
3967.42
331.036
85.7349
119.997
927.684
25.0189
17.2019
12.8655
17373.6
1720.8
inf
149144
3.97906
3.72324
3.56333
3.5112
3.80288
3.56225
3.56697
10.2313
4.06668
4.9708
7.7876
4.47551
42615.9
12421
152105
2101.63
4.10846
3.83906
3.6455
3.53704
3.52937
3.52149
3.51791
3.51581
3.51464
3.5137
3.51302
3.51236
3737.55
10354.2
6073.01
130.044
4.36189
3.96994
3.7866
3.61809
3.60789
3.60014
3.59689
3.5954
3.59433
3.59393
3.59326
3.5923
27833.1
5749.09
455991
3957.8
15.4138
4.31198
3.95054
3.70056
3.68075
3.66929
3.66542
3.66356
3.6624
3.66216
3.66107
3.66031
3725.62
2875.35
2378.85
103100
84.735
95.4458
12.9117
3.81065
3.76114
3.73772
3.73076
3.72746
3.72532
3.72433
3.72335
3.71952
14719.5
inf
687.427
3987.12
206642
6098.16
851.644
163.826
9.72806
4.41255
3.82103
3.80899
3.80204
3.79686
3.79047
3.76521
