105.303
91.6309
1364.21
48.7888
48.7369
276.194
272.049
112.64
4822.02
68.9092
42.9654
68.1952
229.094
10764.3
278.488
128.267
35.6724
1864.15
241.908
46.9517
701.167
114.018
2795.88
40.4927
460.697
71.9263
194.828
792.657
1985.4
3150.55
393.004
98.7424
8.10919
2.70715
2.67128
2.87298
4.72938
3.28044
4.78437
92.2521
209.686
16.6368
128.71
75.4918
17.4938
42.3718
22.0143
594.683
17.8441
2.72886
2.6179
2.5872
2.57403
2.57394
2.57636
2.58443
2.59195
2.60281
2.60949
2.61376
2.61661
2.61861
2.62113
2.62488
2369.55
3.038
2.72448
2.67165
2.63996
2.62654
2.62172
2.6158
2.61354
2.61215
2.61179
2.61156
2.61136
2.6111
2.61056
2.60959
1353.75
100.371
2.90376
2.80366
2.74997
2.72557
2.71569
2.70113
2.69321
2.68477
2.68052
2.68007
2.68029
3.09591
3.71166
12.6971
266.569
13.462
18.8927
3.0442
2.92138
2.87599
2.85845
2.83399
2.82228
3.45959
3.19714
8.66793
9.8429
4.93854
37.25
1514.59
12.1374
3.20186
6.36205
207.616
1185.13
1600.66
532.75
89.4596
37.2046
139.634
108.95
186.708
183.399
3370.45
163902
697.814
1959.5
2.8837
2.65621
4.52122
22.3324
196.648
144.638
77.6175
71.8899
28.6267
11621.4
119.257
920.784
89.615
1385.93
224.139
2617.33
3.16813
2.77203
2.66152
2.58085
2.5368
2.51761
2.48806
2.47265
2.459
2.45384
2.45152
2.45034
2.44968
2.44904
2.44842
234.546
3.97322
2.98821
2.80664
2.69833
2.64823
2.62795
2.59729
2.58027
2.56253
2.55378
2.5488
2.54569
2.5436
2.54106
2.53739
589.074
9865.95
3.48538
3.05875
2.86461
2.78659
2.75736
2.71656
2.69588
2.67575
2.66631
2.66104
2.65778
2.65559
2.65296
2.64912
183.922
33.2784
100.074
3.86764
3.21754
3.04133
2.9814
2.90223
2.8641
2.82845
2.8123
2.80348
2.79807
2.79447
2.79006
2.77931
9523.24
2557.46
6559.68
406.303
11.1024
13.3951
4.11716
3.44511
3.29556
3.1826
3.13662
3.11194
3.09618
3.08412
3.06052
2.8003
398.375
4.18242
3.95206
4246.32
166.186
21.0822
380.008
513.881
39.6302
65.6855
11713.8
7588.36
54.0832
40825.7
39.9466
113.145
571.582
2.67408
122.107
3.94885
17.809
10.9172
19.4528
66.044
289.366
80.5441
515.466
1093.9
90.5297
229.955
82.9734
2819.68
52.6045
4.54156
2.38622
2.3796
2.3883
2.39639
2.40157
2.41525
2.42751
2.44355
2.45222
2.45733
2.46058
2.46277
2.46549
2.46945
113.513
23.5183
2.41039
2.3879
2.39329
2.3986
2.40171
2.40951
2.41671
2.42693
2.43299
2.43674
2.4392
2.4409
2.44306
2.4463
690.907
24.5918
3.05477
2.39899
2.40361
2.409
2.41168
2.41725
2.42195
2.42859
2.43263
2.43519
2.4369
2.4381
2.43964
2.44172
112.697
6.94559
11.8645
2.41121
2.41217
2.41845
2.4217
2.42757
2.4317
2.43703
2.4401
2.44201
2.44324
2.44403
2.44478
2.43937
27.1536
10.812
23.8179
2.7261
2.41877
2.42356
2.42682
2.43297
2.43714
2.44213
2.4447
2.44583
2.44589
2.445
2.44064
3.07884
520.409
3.81822
2.50958
21.9005
86.5485
4.55335
3.53104
929.571
100.265
4.67395
11.1823
18.3199
419.117
17.7969
7.24013
5.66052
5898.44
198.586
2.40384
2.37909
2.36777
2.37123
2.43388
3.1292
1585.21
2.58283
2.56308
2.604
2.67742
2.78503
3.12923
8.70031
1071.12
37.4461
2.40838
2.38289
2.36908
2.36373
2.36171
2.36047
2.36072
2.36099
2.36113
2.3612
2.36125
2.36128
2.36132
2.36137
34515.1
122532
2.41945
2.38813
2.37481
2.36997
2.36754
2.36427
2.36351
2.36309
2.36294
2.36288
2.36284
2.36282
2.3628
2.36276
1318.32
10525.5
12.7995
2.39406
2.37989
2.37591
2.37406
2.37067
2.36929
2.36826
2.36786
2.36765
2.36753
2.36744
2.36734
2.36712
3316.26
390.211
48.1508
3.23381
2.38685
2.38094
2.37948
2.37695
2.37564
2.37447
2.37396
2.37367
2.37347
2.37332
2.37308
2.37184
2577.14
471.353
88.4328
35.6024
31.4013
3.43674
7.44436
2.38445
2.38176
2.38014
2.37949
2.37905
2.37872
2.37839
2.3776
2.37491
26560.2
308902
100.365
6.71529
2.43742
10.5985
56.2624
16.4705
9.93593
36.6302
5.94449
26.0247
4.75239
3.81523
3.87053
5.77973
1064.32
9595.63
172.782
90.19
2.42796
2.39675
2.38104
2.36677
2.3653
2.36418
2.36378
2.36358
2.36344
2.36335
2.36328
2.36316
788.252
12138.8
57.5311
49.6662
2.43532
2.40503
2.38973
2.37299
2.37099
2.36932
2.3686
2.36813
2.36788
2.3677
2.36749
2.36724
896926
7691.79
365.866
9.70862
2.44501
2.41408
2.39986
2.38086
2.37857
2.37705
2.37634
2.37602
2.37577
2.37563
2.37544
2.37516
143267
6044.23
167.808
375.48
2.71088
2.42687
2.41034
2.38836
2.38535
2.38366
2.38299
2.38266
2.38245
2.38236
2.38215
2.38189
9.06466e+06
322.193
1670.98
9675.7
1075.72
14.605
7.22629
2.39819
2.39228
2.38974
2.389
2.38862
2.38839
2.38819
2.38795
2.38734
2383.75
6240.77
722.195
154215
44.0379
818.296
1313.13
50.7367
13.036
2.47378
2.39709
2.3951
2.39497
2.39423
2.39323
2.39073
