193.918
264.751
373262
40.7984
246.752
150.051
18950.1
48263.2
1288.63
342.395
5220.56
363.07
167.799
168.304
227.836
784.725
183.371
3428.11
102.01
833.055
403.353
744.783
3899.23
1427.3
883.047
866.808
452.126
477.974
2933.92
3108.23
1749.51
187979
216.024
12.1892
779.077
38.6277
61.7691
201.396
729.961
330.54
4732.46
inf
3006.7
1942.56
inf
2879.18
849.162
1273.84
466.174
48.7174
3.67017
3.54966
3.53424
3.56825
3.59919
3.68242
3.76616
3.97089
4.69027
37.1722
7.19365
84.9531
7.75493
7.25878
108.967
41.7259
8.67791
3.93092
3.77867
3.7366
3.7259
3.71977
3.7231
3.73271
3.73963
3.74379
3.74611
3.74735
3.74808
3.97204
819.742
452.502
8344.09
62.2781
4.50583
4.2732
4.21016
4.13391
4.09929
4.06986
4.40953
4.22221
5.0879
26.7051
32.4064
2739.73
374.965
1292.84
8999.12
108.296
787.691
11.7134
31.7226
8.06939
7.19737
8.16885
7.88486
14.4536
1340.96
18.9928
47.2925
69.6407
3295.26
426.954
56.1295
114.109
54.9115
221.138
76.8366
1242.1
130.159
4704.65
23374.2
726.208
12418.4
286.949
3756.41
308.357
983.449
187.811
4.8471
10.3031
370.13
4631.3
212.425
264.004
752.982
210.296
165.627
238.426
292.795
132.32
198.493
344.029
88570.2
771.257
42648.3
4.80959
3.72528
3.44988
3.35145
3.21556
3.15029
3.09549
3.0757
3.06717
3.06304
3.06081
3.05879
3.05729
22141.6
16987.6
728003
69.3363
146.293
4.62201
4.23023
3.87609
3.73494
3.61065
3.55561
3.52566
3.50733
3.49525
3.4807
3.46014
35176.9
17727.9
800.163
2046.02
864.533
698.107
348.691
4972.92
44.2362
5.23888
4.81652
4.66059
4.57943
4.53025
4.47492
4.40249
965725
3076.71
5851.16
2138.93
2566.98
6255.66
4681.47
170.199
3049.02
1928.65
29375.7
131.108
249.877
1971.29
540.381
7735.7
7685.63
318503
12527.2
16704.4
8730.43
336.131
34870.8
937.417
137199
732.075
2748.1
46817.4
296.565
531.29
79038.3
113.303
571.315
2092.38
8.65632
66.4476
44.655
52.2956
40.734
91.4717
208.824
67.0913
6348.72
586.444
327.144
8321.37
162.352
1170.1
4834.16
16.7235
3.09886
20.4673
9.19711
5910.17
29.4519
2643.29
365.91
159.021
2.32595e+06
422872
379.049
240.632
15984.1
2931.73
4909.34
80.5475
25.3438
2.82307
2.85344
2.88333
2.90403
2.96575
3.07497
11.8779
3.23901
3.1904
3.19345
3.20165
3.21739
3.25274
1088.65
25.8362
9.79738
2.8593
2.87894
2.89784
2.90907
2.93869
2.96648
3.00595
3.02926
3.04369
3.05319
3.05978
3.06806
3.0806
4696.48
20.6594
5.48051
2.91019
2.92853
2.95286
2.96442
2.98861
3.00909
3.03807
3.0557
3.0669
3.07441
3.07968
3.08639
3.09584
8485.62
114.413
41.5661
3.00156
2.96791
3.00236
3.02059
3.05448
3.07879
3.11051
3.12923
3.14106
3.14879
3.15396
3.15923
3.12289
604.59
78.5659
52.7288
11.6541
2.99629
3.02325
3.04219
3.08002
3.10731
3.14214
3.16166
3.17181
3.17466
3.17061
3.14279
20.2042
3001.83
18.509
21.5845
5.85288
9.44731
29.6393
51.0299
23.1191
22.0796
4.68211
5.12512
4.45016
4.98344
4.97668
11.6607
18.2637
5630.8
179.067
2.88405
2.79153
2.78476
2.83405
2.98903
5.11255
3.28503
2072.62
3.23711
7.4713
3.24449
3.2168
3.31517
3.9812
520.213
59.7887
2.89953
2.80421
2.77055
2.7569
2.75086
2.74787
2.74888
2.74964
2.74997
2.75016
2.75027
2.75036
2.75047
2.75061
12134.2
1197.32
2.9397
2.82119
2.78973
2.77844
2.77117
2.76164
2.7597
2.75827
2.7577
2.75742
2.75726
2.75715
2.75702
2.75686
1497.25
899.781
2748.76
2.84329
2.80599
2.7987
2.79378
2.78405
2.78042
2.77724
2.77583
2.77507
2.77462
2.77432
2.77396
2.77323
4152.79
72714.5
52.3829
10.8934
2.83146
2.81501
2.81256
2.80621
2.80333
2.80035
2.79875
2.79779
2.79714
2.79666
2.7959
2.79217
2169.47
12911.5
25980.8
151.227
64755.3
7.74854
2.91821
2.82762
2.82356
2.821
2.81971
2.81876
2.8178
2.81691
2.81469
2.81278
inf
6512.89
375.382
61.0676
562.394
237.384
5.38713
6.75396
14.2324
15.5433
10.3703
5.98309
6.78205
25.6264
76.348
102.523
1327.25
1389.82
inf
104.08
2.94082
2.84979
2.79476
2.76347
2.76249
2.77707
2.92822
2.78033
2.77229
2.77028
2.76968
2.77098
7358.41
1284.63
126.434
7.60477
2.97089
2.88104
2.82741
2.78353
2.77928
2.77534
2.77359
2.7725
2.7719
2.77145
2.77097
2.77052
28528.4
4739.29
1.15951e+08
438.302
3.01093
2.91331
2.86356
2.80891
2.80392
2.80029
2.79863
2.7979
2.79732
2.79704
2.79661
2.79601
25944.7
10617.9
1732.46
131.709
17.2213
2.96021
2.9014
2.83334
2.82594
2.82161
2.81992
2.81909
2.81859
2.81844
2.81791
2.81738
6242.08
2815.36
7577.13
578.532
684.429
5.3396
27.8245
2.86489
2.84886
2.84146
2.83932
2.83823
2.83754
2.83715
2.83666
2.83501
50473.5
2896.28
45946.9
298.337
34889.7
1145.42
98.4741
79.7892
8.43336
3.09209
2.86603
2.86113
2.8596
2.85747
2.85463
2.84669
