10423.9
611.047
228.92
2914.79
5042.09
6180.62
2366.94
1211.92
952.845
5210.17
6737.65
40980.4
1747.86
1130.33
1591.57
10575.4
67580.7
34510
25029.3
inf
13394.2
inf
10276.4
1438.94
4250.25
inf
21924.9
3156.23
1719.48
1358.55
inf
9298.34
38937.3
178274
inf
41439.1
17653.7
9795.19
4301.27
9240.2
inf
3211.32
151869
14411.7
16751.9
12756.3
inf
21898.2
81129.9
49362
65900
inf
inf
11111.7
50936.1
123733
23546.2
661747
inf
44353.3
50446.5
inf
inf
27343
37269.3
inf
inf
114714
94655.6
inf
75566.1
155141
inf
inf
inf
32269.5
1.54689e+06
34016.8
11814.2
337979
99323.6
77263.8
254153
12420.4
11379.6
197625
14006.7
inf
inf
16445.2
359500
inf
64426.9
inf
4827.78
48583.5
16566.9
inf
30610
105389
563646
603797
69447.7
483589
inf
6.31365e+06
24379.2
inf
inf
1.8915e+06
189998
142719
172265
137978
14355.1
553.031
602.532
1.56808e+06
28088.7
946.787
379.532
868.385
1316.39
374209
1951.39
911.571
1085.19
369.477
5800.56
431332
10104.1
99115.6
10277.6
inf
577.616
119140
inf
2315.39
1329.11
10664.1
953.238
1952.87
7039.37
inf
2210.82
233824
148085
257884
14410.6
7124.02
103353
72306.7
289120
23792.2
9303.91
25493.8
6411.96
23291.6
5931.27
32706.6
54649.5
9210.05
8058.75
5809.72
224848
302840
6761.91
1.51857e+06
106692
858001
18273.5
165701
4316.55
5825.16
14858.6
4526.45
82763.9
147851
9297.12
54903.2
10692.2
75514.8
61788.3
9750.9
83206.2
72670.9
10255.8
8639.09
80331
4138.4
45565.9
22019
65452.6
166374
7412.56
451678
17817.3
11857.2
248288
413950
33777.1
2173.41
133265
11727.8
32417.5
26504.7
133608
28814.4
187118
36434.5
8993.33
5798.42
1.10166e+06
116298
12548.6
12068.3
30225.7
125369
16016.7
730199
24933.4
27007.5
7.54973e+06
8782.86
1963.61
940.721
218.403
144.951
54.8655
9917.41
378.683
13352.4
1059.52
520.483
496028
3993.77
15424.6
1351.51
2952.47
322.086
1734.55
2613.51
142.943
161.873
19523.4
1238.85
200.369
98695.8
1842.28
8500.69
25246
2655.57
5353.62
5465.78
48886.9
23062
4632.5
22147
4074.46
inf
1164.61
3764.8
9671.35
3933.11
9812.29
122161
inf
16844.1
4312.79
241610
33047
47347.6
9472.55
6824.07
7852.51
4652.45
4099.94
19206.4
4164.92
223459
183525
12962.1
52596.8
132906
48043.7
inf
12872.8
54371.5
32401.3
54489.8
9648.65
8143.32
inf
inf
168565
10149.4
5361.16
5272.75
155448
1824.7
11244.9
17367
inf
20965.3
11311.9
inf
3197.46
339988
8081.81
11691.8
6065.47
54071.9
8720.28
133552
14981.6
178237
7060.89
9670.66
9100.27
5765.44
4.16035e+06
84591.2
12259.1
inf
3847.57
134555
184462
13898
1.09662e+06
151994
2783.02
17838.8
3543.86
58558.6
150498
inf
29581.5
89940.6
433.327
2659.65
13.3374
27.4357
28.6738
6610.03
24.9884
32.7836
135.093
1658.23
111.204
61.6766
5902.88
69.7762
21532.4
5520.88
14323.2
30.3424
13.3903
6.72556
16.9699
11.8816
29.3344
21.0334
24.2806
inf
26.2955
1750.01
20.6971
11.2438
1852.87
2054.9
100747
69.1107
7.07145
6.72318
6.50945
97.2004
7.19824
9.07191
10.493
7.35448
15.0138
8.98734
7.38729
7.66056
337175
6347.85
2405.14
122.566
8.31804
7.97477
7.61683
7.27369
7.23797
7.22158
7.21627
7.21367
7.21219
7.21157
7.21094
7.21108
8329.32
49755.7
3666.04
1391.31
169.594
149.905
25.8002
30.5273
110.245
1705.41
121.921
274.889
58.3938
126.209
141.746
732.797
5688.76
2361.15
18618.1
15601.4
78.3825
1348.41
55.7091
132.546
857.494
1553.72
448.013
129.18
72.726
42260.9
249.088
333.948
14968.1
171855
45134.5
13967.7
932.452
149.255
170.08
141.471
174.382
1480.83
3729.24
24225.5
3416.64
392.359
403.835
46266.5
14738.3
4097.82
84072.6
44762.5
4066.61
21129.3
9.3565
82.455
14.0637
43.7841
442.904
18.6578
317.277
53.9783
157.379
230.672
9347.34
1292.38
18989.7
20626.5
588.108
202536
7.06833
6.64625
6.58858
21.2702
9.0361
11.1208
38.1886
9.69458
12.4424
9.04878
7625.7
23551.5
26004.5
17742.5
2061.16
800754
11.0779
7.51949
7.41584
7.32909
7.28986
7.26886
7.2617
7.25332
7.2494
7.24505
47141.6
7488.81
54223.5
2.24247e+06
13228.5
10936
3553.64
10.0202
9.34405
9.05442
9.00345
8.95461
8.94033
8.92142
8.91223
8.91707
231453
504.562
389453
303346
7773.54
22055.3
5732.54
871.464
115.476
91.459
33.2952
39.9541
98.5414
51.4311
143.383
170.45
45032.3
2.88114e+06
4126.57
12661.6
61873.2
8480.25
12495.7
267.977
79.8059
2221.51
448.007
80.8579
86.5676
55.8438
52.4981
67.1425
8.32465e+07
6755.05
189923
5151.5
14514.4
471911
19444.6
39906.7
645.313
765.297
611.657
2258.93
162.955
72.7526
121.474
97119.2
