1.99933
1.99992
1.99995
1.99999
1.99966
1.99984
1.99973
1.99989
1.99984
1.99977
1.99967
1.99957
1.99984
1.99981
1.99946
1.99979
1.99994
1.99996
2.00061
1.99996
2.00002
2.00009
1.99995
2.00003
1.99996
1.99992
2.00002
1.99998
2
1.99989
1.99998
2.00001
2.00015
2.00011
2.00009
2.00065
2.0001
2.00035
2.00001
2.00025
2.00003
2.00053
2.00016
2.00002
2.00007
2.00018
2.00011
2.00006
2.00008
2.00014
2.00014
2.00001
1.99995
2.00023
2.00045
2.00003
2.00002
2.00023
2.00009
2.00005
2.00005
2
2.00003
2.00004
2.00003
2.00016
2.00015
2.00001
2.00011
2.00004
2
2.00007
2.00019
2.00014
2.00012
2.0001
2.00011
2.00009
2.0001
2.0001
1.99992
2.00008
1.99991
2.00001
2.00001
2.00013
2.00007
2.00004
1.99997
2.00013
2.00013
2.00008
2.00009
1.99932
2.00003
1.99959
1.99982
2.00007
1.99998
2.00003
2.00016
2.00019
1.99983
2.00016
1.99998
1.99996
2
2.00004
2.00004
1.99991
2.00007
1.99979
1.99986
1.99984
2.00009
2.00019
2.00003
1.99976
1.99974
1.99997
1.99939
1.99975
1.99984
1.9998
1.99953
1.99971
1.99983
1.99973
1.99979
1.99988
1.99993
1.99988
2.00005
2.00006
2.00016
2.00019
2.00024
2.00006
2.00016
2.00001
2
2.00006
2.00005
2.00008
1.9998
1.99989
2
1.99939
1.99985
1.99978
2.00009
1.99998
2.00015
2.0001
2.00014
2.00009
2.00016
2.00036
2.00039
2.00044
1.99988
1.9997
1.9999
1.99979
1.99987
1.99997
1.99978
1.9998
1.99995
1.99994
1.99981
1.99996
1.99992
1.9999
1.99991
1.99995
1.99946
1.99967
1.99954
1.99959
1.99978
1.99992
1.99962
1.99991
1.99997
1.9999
1.99999
1.9998
1.99983
1.99955
2.00001
1.99955
1.99984
1.99986
1.99958
1.99976
1.99984
1.99969
1.99978
1.99968
1.99991
1.99979
1.99989
1.99981
1.99976
1.99989
1.99987
1.99958
1.99967
1.99986
1.99975
1.99976
1.99958
1.99966
1.9999
1.99973
1.99974
1.99983
1.99967
1.99972
1.99974
1.9997
1.99978
1.9999
1.99987
1.99992
2.00043
2.0002
2.00026
2.00015
1.99984
1.99986
1.99994
1.99928
1.99956
1.99983
1.99983
1.99978
1.99994
1.99969
1.99994
1.99978
2.00011
2.00021
2.00018
2.00025
2.00042
2.00105
2.00014
2.00021
2
2.00012
1.99999
1.99994
2
2.00025
1.99964
1.99998
1.99998
1.99968
2.00021
2.00017
1.99998
2.0004
2.00006
2.00009
2.00012
2.00024
2.00053
2.00034
2.00011
2
1.99964
1.99978
1.99999
2.00005
1.99987
2.00002
2
2.00026
2.00005
2.00019
2.00002
1.99998
1.99997
2.00001
1.99997
2.00001
1.99994
1.99999
1.99957
1.99993
2.00021
1.99986
1.99965
1.99987
2.00002
1.99993
1.99982
1.99995
1.99981
2.00001
1.99992
1.99985
1.99979
1.99994
1.99966
1.99984
1.99968
2.00006
1.9995
1.99996
2.00004
2.00016
1.99989
2.00017
1.99999
2.00007
1.99997
1.99973
1.99979
1.99953
1.99985
1.99975
1.99953
1.99956
1.99982
1.99978
1.99977
1.99996
1.99993
1.99974
1.99951
1.9999
2.00003
1.99993
1.99964
1.9998
1.99991
1.99988
2.00004
1.99985
1.99974
1.99991
1.99992
1.99934
1.9996
1.99968
1.99953
1.99981
2
1.99999
1.9995
2.00001
1.99966
1.99973
1.99993
1.9997
1.99965
2
1.99997
1.99969
1.99995
1.99977
1.99973
1.99993
2.00003
2.00005
1.99983
1.99971
2.00001
1.99969
1.99983
2.00009
1.99998
1.99988
1.99983
1.99988
1.99958
1.99973
2
1.99999
1.99975
1.99977
1.9997
1.99978
1.99965
1.99987
1.99992
1.99978
1.9995
1.99981
1.99964
1.99965
1.99978
1.99982
1.99952
1.99995
1.99976
1.99955
1.99991
1.99975
1.99993
1.99994
1.99978
1.99993
2.00002
1.99996
1.99997
1.99979
2.0001
1.99996
2.00003
2.00016
1.99994
1.99992
1.9997
1.99979
1.99978
1.99992
1.99995
1.99986
1.99999
1.99997
2.00001
2.00002
1.99989
1.99975
1.99987
2.00002
1.99999
1.99993
1.99976
1.99966
1.99996
1.99988
1.99968
1.99988
1.99982
1.99995
1.9996
1.9999
1.99996
1.99979
1.99961
1.99967
2.00001
1.99981
1.99983
1.99953
1.99991
1.99975
1.99968
1.99989
1.99998
1.99997
1.99998
2.00007
2.00004
1.99998
1.99992
1.99991
2.00004
1.9999
1.99985
1.9996
1.99971
1.99979
1.99968
1.99984
1.9999
1.99996
1.99929
1.9997
2
1.99981
1.99986
1.99978
2.00002
1.9998
1.99984
1.99987
1.99969
1.99955
1.99959
1.9998
1.99996
1.99949
1.99982
1.99988
1.99988
1.99988
1.99991
1.99935
1.99993
1.99977
1.99995
1.99993
1.99971
1.99982
1.9997
1.99986
1.99973
1.99982
1.99973
1.99983
2.00005
1.9998
1.99972
2.00002
1.99972
1.99992
1.99984
1.99992
1.99982
1.99971
1.99981
1.99978
1.99999
1.99951
1.99996
1.99984
1.99964
1.99985
1.99968
1.99993
1.99986
1.99979
1.99971
1.99997
1.99982
1.99984
1.99981
1.99977
1.99997
1.99961
1.99984
1.99969
2.00001
1.99946
1.99987
1.99959
1.99989
1.99993
1.99994
1.99975
1.99986
1.99978
1.99952
1.99972
1.99985
1.99965
1.99992
1.99977
1.99986
1.9998
1.99975
1.99957
1.99983
1.99961
