2.00001
2.00029
2.00015
1.99988
1.9995
1.99974
1.99975
1.99966
1.99985
1.99984
1.99994
1.99987
1.99982
1.99993
1.99974
1.99972
2.00006
2.00013
2.00016
2.00114
2.01221
2.00066
2.00248
2.00024
2.00005
2.00006
2.00002
2.00019
2.00017
2.00001
1.99996
2.00017
2.00015
2
2.00013
1.99997
2.00089
2.0018
2.0007
2.00079
2.00049
2.00008
2.00048
2.00005
2.00031
2.00054
2.00081
2.0002
2.00015
2.00008
2
2.00045
2.00077
2.00013
2.00039
2.00096
2.00191
2.0023
2.00246
2.00186
2.00144
2.00113
2.00084
2.00047
2.00002
2.00007
2.00001
2.00008
2.00008
2.00001
2.00006
1.99999
2
2.00005
2.00009
2.00016
2.00016
2.00018
2.00021
2.00026
2.00003
2.00016
2.00011
2.0002
2.00009
2.00018
2.00011
2.00013
2.00014
2.00004
2.00013
2.00009
2.00015
2.00011
2.00019
2.0001
2.00005
2.00014
2.00015
2.00017
2.00005
2.00016
2.00012
2.00015
2.00012
2.00003
2.00001
2.00001
1.99984
1.99972
2.00003
1.99962
1.9986
1.99985
2
2.00006
2.00012
2.00051
2.00033
1.99993
1.99979
1.9996
1.99985
1.99998
1.99978
1.99989
1.99982
1.99977
1.99982
1.99982
2.00009
1.99998
2.00005
2.00058
2.00207
2.00119
2.00143
2.00404
2.00245
2.00102
2.0005
2.00025
2.00011
2.00027
1.99968
1.99946
1.99992
1.99992
1.99993
2.00012
2.00002
1.99968
2.00012
2.00025
2.00084
2.0009
1.99992
2.00034
2.00056
2.0002
1.99965
1.99972
1.99944
1.99973
1.99985
1.99977
1.99997
1.99988
1.99994
2.00008
1.99995
2.00005
2.00025
2.00021
2.00015
2.00006
1.99955
1.99949
1.99978
1.99938
1.99987
2
1.9994
1.99981
1.99851
1.99996
1.99976
1.99979
1.99986
1.99991
1.99993
1.99998
1.99981
1.99943
1.99865
1.99973
2.00001
1.9999
1.99983
1.99878
1.99989
1.99995
1.99983
1.99986
1.99995
1.99931
1.99929
1.99985
1.99978
1.9992
1.99897
1.99935
1.99988
1.99995
1.99978
1.99979
1.99987
1.99875
1.99988
1.99991
1.99995
1.99878
1.99991
1.99983
1.99988
1.99986
2.00018
2.00237
2.01598
2.00194
2.00009
2.00009
2.00009
1.99975
1.99989
1.99989
1.99979
1.99957
1.99986
1.99999
1.99978
1.99994
2.00009
2.00004
2.00009
2.00209
2.00306
2.00059
2.00735
2.00085
2.00066
2.01083
2.01976
2.01693
2.01394
2.00477
1.99969
1.99974
2.00003
2.00001
2.00014
2.00033
2.00048
2.00098
2.00039
2.00001
2.00014
2.00032
2.00096
2.00088
2.00073
2.00065
1.9996
1.99983
1.99985
2.00005
2.00031
2.00009
2.0003
1.99999
2.00019
2.00012
2.00004
1.9996
2.00005
1.99988
2.0001
1.99986
1.99948
1.99975
1.99981
2.00004
1.99995
1.99994
1.99991
2.00005
2.00001
1.99994
1.99976
1.99988
1.99954
1.99984
1.99951
1.99942
1.99992
1.99987
1.99952
1.9991
1.99981
2.00002
1.99911
1.99869
1.99986
1.99996
1.99994
1.99995
1.99989
1.99905
1.99992
1.99993
1.99963
1.99896
1.9999
1.99986
1.99975
1.99937
1.99986
1.99985
1.99925
1.99962
1.99855
1.99998
1.99988
1.99971
1.99984
1.99974
1.99983
1.99964
2.00006
2.00025
1.9999
2.00036
2.00001
2.00023
2.00026
2.00046
2.00039
2.00031
2.00038
2.0002
1.99996
2.00021
1.99975
1.99942
1.99998
1.99993
1.99995
2.00006
1.99994
1.99998
1.99994
2.00001
1.99989
1.99993
2
1.99993
2.0001
2
1.99968
1.99993
1.99992
1.99955
2.00003
1.99985
1.9998
2.00002
1.9999
2.00006
1.99995
2.00008
1.99991
2.00006
2.00002
1.99997
1.99978
1.99984
1.99993
1.99966
1.99909
1.99997
1.99978
1.99994
1.99997
1.9999
1.99998
1.9998
2.00005
1.99987
1.99992
1.99976
1.99959
1.9997
1.99979
1.99937
1.99989
2
1.99978
1.99993
1.99979
1.99964
1.99997
2.00002
1.9999
1.99999
1.99984
2.00004
2.00001
1.99942
1.9998
1.99914
1.99954
1.99982
1.99899
1.99984
1.99925
1.99951
1.99984
1.99911
1.99985
2
1.99971
1.99999
1.99987
1.99989
1.99952
1.99944
1.99993
1.9999
1.99969
1.99991
2.00003
1.99913
1.99945
1.99972
1.9999
1.99972
1.99952
1.99989
1.99917
1.99944
1.99982
1.99977
1.99984
2.0002
1.99987
1.99986
1.99996
2.00042
2.00037
2.00005
2.0001
2.00017
2.0002
2.00017
1.99979
1.99991
1.9993
1.99981
1.99985
1.99981
2.00008
1.99989
1.9999
2
2.00004
1.99981
1.99979
1.99971
1.99987
2.00004
1.99922
1.99959
1.99988
1.99993
2.00002
1.99999
2.00003
2.00004
1.99976
1.99979
1.99995
1.99927
2.00006
2
2.00004
2
1.99922
1.99978
1.99951
1.9998
1.99976
1.99992
1.99992
1.99995
2.00003
2.00005
1.99997
2.00002
2.00003
1.99986
1.99981
2.00001
1.9998
1.99979
1.99932
1.99978
1.99997
1.99992
1.99982
1.99982
2.00003
2.00002
1.99997
1.99992
1.99984
1.99995
1.99988
1.99966
1.99995
1.9982
1.99999
1.99991
1.99972
1.99855
1.99999
1.99969
2
1.99986
1.99981
1.99967
1.99963
1.99932
1.99974
1.99997
1.99939
1.99935
1.99992
1.99967
1.99975
1.99967
1.99983
1.99993
1.99975
1.99987
1.99899
1.99989
1.99976
1.99948
1.99971
1.99983
