11027
14708.9
4.44263e+07
1038.18
16509.2
8296.01
1.8017e+06
5.81685e+06
121409
33519.3
448073
19677.8
8908.63
9956.43
18069.3
85307.2
10430.7
391869
5093.64
67502.3
28650.7
48143.1
319801
97765
48282.4
71084.8
31469
23698.3
245186
326394
161594
2.26344e+07
9675.87
732.847
80921.4
2590.92
4223.25
19999.3
64942.8
12250.6
425112
-nan
294140
119001
-nan
123935
30083.6
52176.8
50039.1
4323.02
2.52635
1.72674
1.59758
1.73323
1.90653
2.65336
4.06402
11.9244
74.3958
3952.99
283.175
9718.35
361.012
334.122
6322.07
2979.39
263.119
3.66004
2.52975
2.28151
2.21664
2.16278
2.1586
2.17641
2.19314
2.20383
2.21006
2.2135
2.21472
23.223
92605.8
42874.6
759813
4506.28
8.21412
5.2951
4.71867
4.13214
3.90701
3.73877
43.5208
19.9701
105.569
2271.15
2702.88
323108
42127.9
123106
894662
8652.91
90879.1
194.301
1431.42
141.365
141.633
248.905
232.099
743.838
142897
811.348
3700.37
3669.82
166717
51053.3
2884.38
7639.31
2624.6
23408.1
3399.64
81199.8
7495.03
539254
2.81435e+06
70218.9
1.48526e+06
13372.5
327784
20876.1
36267
8723.46
70.0945
551.268
38107.1
552836
16238
16037.8
81604.8
18147.2
12277.8
18332.4
30916.5
9063.09
10361.3
30970.7
1.00787e+07
60943.3
5.15245e+06
15.3573
3.40135
2.2932
1.97423
1.56518
1.36678
1.1823
1.10227
1.06081
1.03672
1.0215
1.00413
0.981782
1.77562e+06
1.843e+06
8.76683e+07
2252.07
9823.05
12.513
7.33448
4.39752
3.61317
3.05288
2.83367
2.71976
2.65186
2.60756
2.55474
2.48108
3.4831e+06
1.98852e+06
45507.6
165579
51950.8
51018.4
35956.6
475266
4314.74
26.2332
14.3601
11.5232
10.3018
9.63566
8.94397
8.1281
1.16305e+08
243567
327230
176248
273315
672592
509933
9507.14
305819
203463
3.54365e+06
7104.3
15785.3
221064
49911.9
914381
464453
3.19696e+07
1.02895e+06
1.87967e+06
763296
12316.8
2.39888e+06
70142.3
1.53721e+07
41085.6
177647
4.39544e+06
12644.6
44301.4
9.52877e+06
6247.1
36157.7
219354
211.932
6216.39
2294.79
2778.34
1324.28
3830.19
13567.7
1887.88
752592
31760.1
19512.2
959697
6589.39
80868.7
426232
1011.88
11.5277
1557.28
380.947
709068
2081.63
273750
30862.3
11107.3
2.81555e+08
5.11269e+07
25175
16200.4
1.89912e+06
279399
496679
8613.07
1830.2
0.79552
0.756812
0.775913
0.812903
1.23056
6.66798
1059.34
13.7464
5.69125
4.54101
4.50462
5.12476
7.42546
92772.5
1473.54
724.579
0.923367
0.872532
0.875118
0.88278
0.919804
0.964608
1.03621
1.08142
1.11026
1.12955
1.14301
1.16018
1.18647
408544
1063.04
164.631
1.11953
1.05794
1.11134
1.138
1.19763
1.25184
1.33265
1.38387
1.41699
1.43989
1.45576
1.47671
1.50737
811879
12950.3
4565.12
2.28483
1.1746
1.29145
1.37322
1.55901
1.71683
1.95242
2.10694
2.2164
2.2899
2.34069
2.39328
1.9506
42111.3
4180.57
3165.81
840.474
1.25314
1.31002
1.36992
1.51597
1.64485
1.84011
1.96774
2.04563
2.07603
2.05672
1.89047
1287.75
235110
885.706
947.645
229.715
583.269
2498.64
5657.23
2121.96
1678.63
89.6318
187.66
74.7488
120.209
149.621
958.968
1320.68
476516
18416.9
2.67094
1.65743
2.17922
3.61504
9.58048
139.25
23.8565
250473
18.6977
530.241
19.9937
17.1401
25.5654
81.6636
23218.3
3422.94
2.59512
1.73183
1.36362
1.23803
1.18577
1.10807
1.0892
1.08109
1.07905
1.07821
1.07778
1.07752
1.07725
1.07693
1.02179e+06
75531.2
2.98369
1.81063
1.44341
1.32461
1.27116
1.1759
1.13977
1.11844
1.11173
1.10866
1.10694
1.10588
1.10465
1.10305
94534.6
80588
331811
1.94653
1.51782
1.41147
1.36456
1.26929
1.22031
1.18337
1.16989
1.1633
1.15953
1.15713
1.15433
1.15062
433444
8.72729e+06
3584.89
633.118
1.886
1.49049
1.45248
1.37388
1.32437
1.27856
1.25908
1.24907
1.243
1.23904
1.23433
1.22749
135422
924566
2.86139e+06
13834.5
7.79096e+06
408.928
6.12618
1.51683
1.44459
1.38834
1.36763
1.35653
1.34994
1.34572
1.33984
1.43968
-nan
537375
24849.5
5829.37
66790.2
19064.8
226.791
224.8
1230.61
1461.04
840.886
259.524
310.686
2585.04
8752.18
11615.3
83714.1
87989.6
-nan
11663.2
2.63424
2.0236
1.72977
1.32826
1.29277
1.84728
15.1252
1.92902
1.50533
1.42643
1.41199
1.50853
606222
114507
5622.49
204.036
2.76085
2.15514
1.89881
1.45526
1.40341
1.36134
1.34214
1.3304
1.32309
1.31827
1.31308
1.30558
3.23324e+06
526178
1.40372e+10
45606.3
2.96545
2.29679
2.04379
1.58048
1.52296
1.48461
1.46661
1.45777
1.45135
1.44777
1.44328
1.43602
2.27683e+06
1.17671e+06
101391
9718.32
1611.04
2.53543
2.18921
1.70069
1.62953
1.59107
1.57439
1.56696
1.56166
1.55896
1.55414
1.54779
305924
232407
836532
28463.2
48227.9
117.457
2848.39
1.86112
1.73141
1.68326
1.66732
1.66104
1.65527
1.65267
1.64859
1.64235
3.91231e+06
180726
5.0119e+06
11625.9
4.17674e+06
121389
5962.71
7249.85
394.96
14.5123
1.79339
1.76454
1.7667
1.7435
1.73526
1.72206
