5689.05
5961.32
131845
2062.83
2387.16
29162.6
21061.4
6939.47
536524
3021.1
1492.68
4540.32
23699.8
1.29887e+06
28157.7
7620.18
2279.96
214636
18341.2
3448.43
47123.5
9409.21
319362
1474.68
37657.8
3394.65
13197.4
88426.4
218513
353988
37636
5105.59
234.234
8.12319
5.91454
21.8227
151.414
52.1251
162.627
8882.17
24927.2
1109.88
9185.51
5112.93
786.347
3712.24
1185.01
70375.9
777.076
1.48743
0.761847
0.612678
0.537155
0.512962
0.50707
0.50496
0.508408
0.5164
0.522252
0.52625
0.528995
0.530951
0.533463
0.537192
283184
8.25153
1.25303
0.939919
0.770627
0.698907
0.671718
0.634333
0.616263
0.599701
0.592107
0.587623
0.584597
0.58251
0.580158
0.601328
157583
10057.4
2.48155
1.63137
1.27285
1.12495
1.06755
0.985256
0.942892
0.901797
0.884035
0.901832
0.931729
48.7998
92.2606
543.194
26634.6
484.948
1797.15
3.83588
2.4165
2.03096
1.89684
1.72059
1.65357
52.1991
31.9968
646.209
561.346
90.9768
2469.12
140618
231.549
34.8782
195.824
13853.6
102709
175770
56646.2
6160.1
1845.39
11119.1
6707.14
14469.2
11652.8
392368
1.98093e+07
61302.3
159711
1.86893
1.34265
116.37
1915.75
16281.6
15556.3
7593.81
2645.02
1025.44
1.37018e+06
8174.12
90751.1
3676.48
108272
13017.9
296663
4.18236
1.4213
1.00395
0.773148
0.663498
0.617433
0.545361
0.504963
0.464707
0.44658
0.43703
0.43141
0.427822
0.423648
0.418128
13531.3
21.0595
2.7938
1.6481
1.18224
1.01366
0.953022
0.868152
0.823386
0.777312
0.754556
0.741468
0.733215
0.727649
0.720827
0.710972
22194.5
1.19203e+06
8.78337
3.41321
1.98647
1.57292
1.44036
1.27573
1.2014
1.13496
1.10577
1.08999
1.0804
1.07409
1.0665
1.05578
10272.7
1658.29
6745.54
16.2056
5.01763
3.23963
2.75402
2.20299
1.97292
1.77808
1.69637
1.65337
1.62764
1.61086
1.5907
1.54828
1.08097e+06
239268
732230
47469.8
417.045
1134.26
55.4151
11.2189
7.06472
5.01696
4.38002
4.07223
3.88674
3.74948
3.48473
1.66147
42843.7
103.512
89.4158
491452
9659.19
693.544
42528.5
46433.5
1749.15
3826.17
1.40836e+06
913983
2836.11
4.93782e+06
1360.4
4813.49
46773.2
11.1957
14481.9
63.4699
1661.33
754.409
1285.17
6615.29
25581.9
4920.41
42891.7
122120
5599.2
14762.5
4235.19
328249
2757.67
131.424
0.513557
0.391081
0.373154
0.370209
0.370729
0.376295
0.384086
0.396602
0.403852
0.408138
0.410865
0.412696
0.414963
0.418242
8346.35
1816.65
0.80942
0.417222
0.393919
0.38873
0.388036
0.390834
0.396288
0.406794
0.414084
0.418896
0.42217
0.424478
0.427441
0.432035
80659.2
2561.42
49.9861
0.452306
0.425884
0.422974
0.422919
0.425308
0.429067
0.436071
0.441046
0.444434
0.446807
0.448504
0.450737
0.454244
10499.2
230.648
918.164
0.500653
0.454115
0.454244
0.456385
0.46209
0.467036
0.474212
0.478738
0.481708
0.48371
0.485109
0.486711
0.479913
1406.53
406.257
1552.28
21.582
0.480479
0.476241
0.478381
0.484942
0.490681
0.498509
0.503117
0.505668
0.506567
0.505873
0.49939
65.0688
50258.5
93.694
8.05587
1638.92
8515.21
209.733
66.9501
108994
10663.4
110.635
690.877
1791.8
50343.6
1756.36
465.181
200.569
657111
21284
0.949194
0.73358
0.597872
0.59649
4.90206
57.5409
191431
13.1368
9.78895
13.1334
21.0326
33.422
74.3086
747.518
53036.3
3433.24
0.96297
0.756605
0.618377
0.568675
0.549713
0.521639
0.514471
0.511819
0.511247
0.51103
0.510922
0.510858
0.510804
0.51074
3.95235e+06
1.38333e+07
1.06711
0.779987
0.643985
0.595674
0.576317
0.542595
0.529165
0.521889
0.519769
0.518834
0.518313
0.518002
0.517644
0.517173
69355.4
1.25531e+06
963.311
0.810433
0.668694
0.622626
0.604876
0.571058
0.553057
0.540282
0.535921
0.533851
0.53268
0.531946
0.531088
0.52993
350198
38635.7
3671.65
52.3127
0.720433
0.647949
0.631101
0.602682
0.583788
0.56717
0.560566
0.557361
0.555403
0.554139
0.552611
0.5504
261394
34253.9
7069.89
2501.81
2959.58
74.489
600.054
0.659087
0.624928
0.599254
0.591488
0.587307
0.585092
0.583522
0.581491
0.578169
2.93912e+06
3.63584e+07
4384.4
336.238
1.06557
790.148
6428.3
1445.74
623.704
3689.74
225.187
2069.83
164.761
78.2341
77.3026
275.964
52346.7
1.04705e+06
8523.12
8784.28
1.069
0.855957
0.765621
0.60486
0.584284
0.567126
0.559356
0.555196
0.552607
0.5508
0.54866
0.545383
36471.1
953423
2635.17
5246.88
1.09874
0.893245
0.813178
0.648354
0.626367
0.609231
0.601714
0.597115
0.594212
0.592368
0.590226
0.586876
1.07008e+08
589187
20269.4
411.823
1.1465
0.932173
0.855917
0.690561
0.666007
0.650666
0.643441
0.639877
0.637422
0.63584
0.633819
0.630819
1.71336e+07
695323
11705.9
35156
9.79227
1.0014
0.896558
0.729761
0.701136
0.685876
0.679487
0.676401
0.674252
0.673124
0.671187
0.668606
1.08591e+09
16375.2
100939
1.0769e+06
118997
1407
549.242
0.785651
0.733994
0.715777
0.709705
0.707856
0.705648
0.704396
0.702319
0.700158
94289.8
500921
30619.4
1.50726e+07
1730.45
96191.3
142348
3767.01
822.624
5.32202
0.752957
0.739601
0.741192
0.733293
0.73039
0.726657
