305835
103839
51276.6
57957.9
134969
107875
100144
203558
61943.4
71402.4
9.31578e+07
258827
829177
696146
203928
997480
1.83783e+07
15307.3
7165.74
91556.9
95253
2.819e+06
242202
-nan
111245
1.24643e+09
41951.8
854877
2.60088e+08
1.33628e+06
47804.6
73562.2
54450.7
6379.41
697257
84310
636347
976394
551032
4.49738e+06
1.04321e+06
227854
138745
-nan
3.62279e+06
4.40377e+06
370313
168655
-nan
48495.2
5889.34
100036
52759
2715.45
260764
39752.3
2.6051e+06
337345
-nan
5.15879e+06
-nan
182621
-nan
2.13226e+06
171823
120261
50313.5
1.22661e+07
1959.14
70119.8
9336.96
501957
138775
3.33917e+06
5.50313e+06
1.71345e+06
214429
190459
146579
665728
1.8561e+07
287959
9.03792e+06
256885
1.1868e+06
1.50968e+06
752662
-nan
1.10231e+08
377437
1.85852e+06
1.02144e+07
234404
1.91029e+06
330818
1.09678e+06
1.53412e+07
115664
-nan
1.21951e+07
572697
542687
1.00471e+06
4.88697e+06
470123
5.7315e+06
3.7801e+06
7.24528e+07
613307
279317
-nan
50013.8
458464
101274
158800
3.14067e+06
11845.7
24116.6
419825
43408.4
104949
122403
37457.9
1.33763e+06
121122
17323.1
15521.3
1.3279e+07
2.36025e+07
1.41107e+07
1.23145e+06
477.787
1984.11
-nan
78664
7021.25
25516.8
34195.1
95834.5
1.05719e+06
247603
56711.3
275281
52243.1
-nan
2.884e+08
246286
256719
27932.6
21001.4
6412.32
14.5868
7.55507
5.11431
151.883
5.76335
104.704
5.65361
5.8609
34.6274
2.35502e+06
726926
50562.4
578308
972781
237280
1.02355e+06
355825
240885
58478.7
10883.9
130333
1.02885e+06
176496
17163.1
68419.9
1.14643e+07
231843
914867
3.67078e+06
374559
18371.9
425716
159563
77151.3
265449
5.42135e+06
92259.5
16723.5
72361.3
12245.9
33341.4
625842
2.11092e+06
2.08243e+07
2.91807e+06
2.89747e+06
6.04256e+06
1.84818e+07
3.66934e+07
4.19558e+06
219860
811265
502118
1.78431e+06
2.73477e+08
3.63435e+06
-nan
922948
737340
106383
1.9823e+09
558280
626714
1.0424e+06
8.16508e+06
3.23204e+06
1.69023e+08
2.73263e+08
3.10142e+07
-nan
303249
5.06089e+06
151071
52338.2
3.06096e+06
8069.9
1.40365e+06
12242.7
257716
24787.7
1.17948e+06
20345.2
1.32659e+06
2.74951e+06
2.48608e+08
1.47078e+07
7.98758e+08
3.74128e+08
1.92549e+09
285857
2743.43
1249.58
880.445
221083
9805.64
7.17686e+06
20546.9
90476.7
901765
35936.1
1.68291e+06
33488.8
14587.7
30973.6
653323
884805
318.096
1112.23
2.05487
43.6628
1035.32
2.86803e+06
4.80513e+06
1235.87
1031.31
962.367
1135.67
804.775
454661
47760.9
287.257
2.33552e+06
592.737
753.626
4.09513
15.0906
39.8421
117.62
203.845
2657.72
1592.27
249050
2031.76
12301.5
197262
31162.4
9683.72
13269.4
2032.91
3538.91
17.1869
14977.6
2764.39
897.694
358.024
3238.31
20679.2
1620.52
8302.74
9683.1
2117.85
31203.4
10133.2
2.58875e+06
21875.6
278.822
1.24623e+06
770.219
10838.1
3058.15
4296.36
15132.9
26459.8
3719.74
25558.5
21173
6669.55
-nan
3722.49
878236
50474.5
106885
135.693
73208.1
1182.07
2298.18
3495.14
4152.71
229.8
53135.4
21124.5
169437
7.71961e+06
3.29483e+06
448.293
12370.7
4404.94
1125.68
146.283
234.221
5833.84
3312.87
653.137
4896.84
403.856
167.563
1351.23
999.635
208.478
184.961
2444.07
10854.5
41552.1
18.405
3.32787
63.1885
138.786
485.853
74.5982
152.878
1090.5
264.011
265.137
262.861
268.996
272.524
305.19
41716.7
5223.2
32.7379
3.4529
2.67364
2.41058
2.28621
2.10886
2.06889
2.04968
2.04554
2.04455
2.04449
2.04469
2.04529
2.04693
1.48413e+07
5074.81
1351.15
3.73001
2.91556
2.67408
2.54258
2.31139
2.23007
2.17584
2.15706
2.14814
2.14304
2.13985
2.13614
2.1312
337629
74719.8
89623.1
4.36917
3.14188
2.95408
2.84555
2.61234
2.50047
2.40669
2.36912
2.35014
2.33909
2.33203
2.32377
2.31264
4.27474e+08
621790
9.39758e+07
166.178
4.22253
3.21243
3.14378
2.96926
2.86884
2.76566
2.71581
2.68821
2.67113
2.65988
2.64626
2.62379
277254
1.12889e+07
41450.4
11282.4
1911.9
46.765
7.94494
3.32433
3.25283
3.1781
3.14322
3.12203
3.10766
3.09851
3.08408
6.54222
471343
1.90286e+06
11877.5
69686.9
178.237
2104.01
81.9673
7444.29
447099
29658.3
7239.45
10644.8
109457
1224.44
670.76
442.402
1.70339e+06
138125
-nan
1.80352e+07
6.03303
4.43355
4.70595
3.98346
26.6867
9.78412
7.83141
753.634
43.0525
168.316
511.96
95.5796
3.35941e+06
1.36303e+06
1.71016e+07
205226
6.52624
4.89026
3.9804
2.91391
2.81467
2.73056
2.6917
2.66728
2.6528
2.64302
2.63385
2.6201
204729
884279
667259
6124.96
10.5472
5.55672
4.6676
3.27987
3.16158
3.08001
3.04332
3.02498
3.01141
3.00438
2.99732
2.98326
2.13818e+06
505522
5.50189e+07
302704
996.931
19.8524
5.6025
3.67721
3.50162
3.4064
3.36944
3.35306
3.34019
3.33495
3.32306
3.31213
226292
214802
172100
1.228e+07
4035.54
10336.6
789.383
4.23214
3.87143
3.72783
3.67869
3.65704
3.64378
3.63551
3.62992
3.61332
1.10233e+06
-nan
28256.4
235837
2.48132e+07
726920
76237.9
16247.6
355.668
36.4007
4.08288
4.02543
4.00758
3.96791
3.95255
3.90491
