1.16713e+06
32901.7
20605.8
317628
384859
511086
139683
61026.8
51499.3
328600
583390
3.44009e+06
105301
49497.6
62920.2
866009
4.28993e+06
3.17589e+06
1.80265e+06
-nan
974647
-nan
858095
91629.8
419124
-nan
2.37287e+06
213038
79973.8
56609.5
-nan
632831
3.23441e+06
1.54994e+07
-nan
3.73988e+06
959666
418315
173500
906503
-nan
117187
1.42525e+07
1.09981e+06
1.06371e+06
1.12612e+06
-nan
1.1402e+06
8.01633e+06
3.25652e+06
6.07633e+06
-nan
-nan
630739
3.84956e+06
9.05594e+06
920863
4.17911e+07
-nan
2.05212e+06
4.27326e+06
-nan
-nan
1.64807e+06
3.14813e+06
-nan
-nan
1.27838e+07
8.95903e+06
-nan
6.12134e+06
1.01902e+07
-nan
-nan
-nan
1.57714e+06
1.55856e+08
2.8112e+06
472294
3.72943e+07
9.81007e+06
3.47998e+06
2.19485e+07
408658
484337
2.19067e+07
533204
-nan
-nan
955828
2.70176e+07
-nan
5.94987e+06
-nan
205236
4.05106e+06
1.00097e+06
-nan
1.80315e+06
8.10003e+06
6.53924e+07
6.28847e+07
5.13904e+06
4.9675e+07
-nan
7.39152e+08
1.17985e+06
-nan
-nan
2.23264e+08
1.88805e+07
1.21428e+07
1.90305e+07
1.13736e+07
737087
51923.5
28041.4
1.89637e+08
3.09509e+06
45699.7
22996.5
59948.5
84201.1
2.72396e+07
142483
55130.7
45603.9
13320.8
243073
5.00416e+07
412246
1.05233e+07
788356
-nan
25679.9
1.17562e+07
-nan
164909
58143.7
1.0569e+06
46529.4
104464
683628
-nan
81283.6
2.66909e+07
1.06474e+07
2.23479e+07
791790
419120
8.97187e+06
7.88348e+06
3.34413e+07
1.95328e+06
638513
1.40143e+06
271124
1.5838e+06
281015
2.42131e+06
4.65335e+06
642326
330437
221950
2.6063e+07
3.32065e+07
358681
1.75442e+08
1.07816e+07
1.03405e+08
1.43974e+06
1.88269e+07
251256
318896
1.14813e+06
238622
9.68079e+06
1.33839e+07
417199
5.85777e+06
814764
7.8073e+06
7.00558e+06
565191
8.64692e+06
7.04858e+06
526790
572070
8.73972e+06
189713
3.77046e+06
1.54663e+06
7.16664e+06
1.39313e+07
283267
4.40434e+07
723914
781123
2.77384e+07
3.75915e+07
2.45472e+06
61967.9
1.45095e+07
659360
2.75414e+06
2.05518e+06
8.88841e+06
1.86664e+06
2.13616e+07
2.43762e+06
491519
488662
1.32268e+08
1.17198e+07
610793
497266
1.79359e+06
1.13471e+07
1.40249e+06
8.7871e+07
2.21368e+06
2.47517e+06
9.13013e+08
341181
88768.2
78981.4
10977.8
7885.77
2422.21
1.17406e+06
30374.1
1.10901e+06
57612.2
22158.9
5.99112e+07
431973
1.83695e+06
129056
256671
10664.9
82650.7
143395
9227.57
8104.32
2.35159e+06
129829
7873.79
7.77154e+06
87044
732621
1.83026e+06
134782
472922
310844
5.09481e+06
2.30844e+06
165950
1.68038e+06
309823
-nan
66323.6
288683
683220
252261
590040
1.43407e+07
-nan
1.70079e+06
220744
2.30113e+07
2.47566e+06
3.60235e+06
805110
549341
911467
293795
397174
1.43934e+06
246154
2.62763e+07
1.74349e+07
810706
5.68133e+06
1.12345e+07
4.50094e+06
-nan
1.00746e+06
4.98352e+06
2.96575e+06
4.07795e+06
1.0066e+06
776773
-nan
-nan
1.99055e+07
744266
484448
295707
1.41069e+07
87042.6
1.26912e+06
1.92914e+06
-nan
1.38542e+06
671617
-nan
166432
3.43891e+07
685331
577939
341443
5.25229e+06
515119
1.41655e+07
1.36129e+06
2.07889e+07
571927
548852
595512
242034
5.02925e+08
9.82629e+06
1.13995e+06
-nan
137872
7.44995e+06
1.93617e+07
1.04708e+06
1.15207e+08
1.25028e+07
109817
1.39268e+06
157745
5.82254e+06
1.65425e+07
-nan
3.35845e+06
1.06973e+07
36164.2
233962
303.504
1301.11
861.012
568496
691.277
1063.66
9085.23
110116
6772.36
3210.71
709507
5105.04
2.48595e+06
506751
1.17259e+06
1900.28
581.627
26.5146
911.23
427.458
2043.41
1637.35
1343.63
-nan
1512.94
210490
1271.34
263.016
65942.9
93927.5
1.16959e+07
4383.56
12.2799
9.9095
8.63774
10940.6
47.6018
183.82
421.69
52.8509
973.715
241.816
47.0233
58.3744
2.94394e+07
464011
183939
11928.9
23.386
20.3845
16.4355
12.5305
12.1098
12.949
13.2974
13.4097
13.451
13.4801
13.5072
13.5741
644583
3.30615e+06
357127
97801.6
17094.8
15697.2
956.882
1138.83
9854.95
200150
8260.53
26433.5
3509.9
8804.06
8061.37
71462.8
334647
165670
1.84379e+06
1.7195e+06
4356.03
159057
2023.76
8168.42
67637.6
92539.7
49042.6
7280.38
2320.14
5.06426e+06
17343.5
18074.2
1.10386e+06
1.99208e+07
5.08722e+06
1.41144e+06
67870
7878.71
10051.4
8133.52
11610.9
168473
301298
2.47816e+06
397795
24923.1
18406.4
5.54718e+06
915260
243263
9.98111e+06
5.07245e+06
449004
2.55265e+06
184.134
8470.5
500.535
3589.3
51733.7
644.332
35073.9
3208.12
14425.6
16407.2
596083
115498
1.15842e+06
1.88137e+06
46241.9
2.45128e+07
20.6378
17.7468
11.3054
1759.07
162.145
458.156
2384.66
192.847
641.976
247.436
507845
1.93461e+06
2.97718e+06
1.69835e+06
127380
9.40981e+07
126.59
15.8619
14.5117
13.5316
13.0445
12.7741
12.7328
12.5917
12.5632
12.4841
3.88405e+06
557227
6.22793e+06
2.70411e+08
1.13502e+06
826526
385734
67.15
40.1446
32.3553
31.5874
30.3666
29.9924
29.5949
29.3775
29.5865
2.46347e+07
20167.5
3.91482e+07
3.22923e+07
619256
2.21071e+06
346324
84449.4
7368.98
7128.21
1306.78
1908.61
8679.26
3517.65
14333.2
17532.9
4.70978e+06
3.14434e+08
243815
780337
7.0155e+06
806648
1.3398e+06
12636.9
2452.76
194267
42303
4199.72
4761.99
2728.15
1730.24
2619.49
1.00191e+10
342947
2.26312e+07
274303
1.13554e+06
5.63701e+07
2.0779e+06
4.72473e+06
37478.4
55645.2
44964
261824
11650.6
2018.52
6709.36
1.17356e+07
