790
490
455
434
403
394
390
376
372
385
1234
915
1122
1361
1506
1512
1472
1384
1319
1232
2160
2399
2625
2955
3231
3392
3469
3563
3594
3630
2160
2417
2616
2682
2871
3021
3095
3220
3306
3396
2141
2303
2401
2445
2487
2530
2557
2585
2632
2670
2200
2318
2347
2387
2382
2383
2387
2396
2407
2432
2204
2258
2275
2298
2329
2370
2379
2412
2431
2440
1638
1797
587
453
478
464
461
440
432
420
1516
1827
1545
1248
883
842
878
977
1082
1200
1420
1745
1663
1535
1330
1154
1066
928
859
809
1307
1637
1679
1645
1529
1448
1417
1347
1313
1263
1246
1548
1622
1647
1612
1567
1554
1516
1475
1461
1174
1433
1550
1617
1631
1632
1628
1616
1602
1595
1118
1351
1459
1529
1581
1607
1613
1616
1612
1607
1327
281
280
345
394
464
467
454
437
418
1346
226
185
266
371
505
588
829
1029
1234
1361
383
156
178
244
310
378
606
752
909
1450
586
281
299
441
506
561
689
762
842
1541
754
473
474
657
760
814
880
930
989
1582
967
681
707
819
967
1023
1094
1125
1168
1694
1159
970
883
939
1090
1145
1242
1287
1334
918
475
150
118
165
167
183
187
193
195
905
474
113
14
24
57
72
89
93
97
949
528
154
10
0
0
0
0
5
10
944
585
197
14
0
0
0
0
0
0
946
659
267
31
0
3
2
3
6
9
940
754
397
99
11
13
17
29
37
51
1086
866
513
282
103
49
46
52
63
74
1429
1071
927
299
75
145
148
155
165
174
1523
1087
923
341
22
16
9
11
14
17
1613
1099
956
396
53
17
0
0
0
0
1753
1121
974
450
124
44
21
0
0
0
1968
1154
994
573
236
129
73
11
2
1
2398
1136
1005
739
411
284
192
44
31
21
3199
1249
1040
820
545
517
433
192
107
66
