0.999429
0.99967
1
0.999128
0.99967
1
1
1
1
1
0.999429
1
0.999067
1
1
1
1
1
1
1
0.99967
0.997669
1
0.998419
0.998906
1
1
0.999534
1
1
1
0.999192
0.928906
0.890187
0.908303
0.92525
0.936279
0.956802
0.970448
0.986636
0.999341
0.998957
0.996418
0.948782
0.92109
0.900463
0.902902
0.907205
0.90993
0.913016
1
0.99967
1
0.999011
0.971195
0.957739
0.95296
0.944253
0.938573
0.93645
1
0.999835
1
0.999341
1
0.995829
0.998454
0.993921
0.995651
0.995882
1
1
0.999128
0.99967
0.999128
1
0.999341
1
1
1
1
0.99967
0.992191
0.996942
1
1
0.999263
0.99967
1
1
1
0.999631
1
0.972945
0.926129
0.895489
0.879243
0.853305
0.842281
0.831852
1
1
1
0.998957
0.999128
0.971866
0.95801
0.935612
0.926701
0.916553
1
1
1
0.999835
1
0.99967
1
1
0.998681
0.981264
1
1
1
1
0.99967
1
1
0.999341
1
0.999835
1
1
1
1
1
1
1
1
1
0.99967
1
0.999767
0.995121
0.999263
0.999011
0.999263
0.998766
0.999534
1
0.999341
1
0.997838
0.976915
0.998723
0.997383
1
0.998563
1
1
0.999429
0.999835
1
0.999192
0.834983
0.809711
0.83548
0.864874
0.915151
0.971982
0.997813
1
0.998957
0.997362
0.841716
0.834011
0.836585
0.838825
0.845274
0.850511
0.856662
1
0.997863
0.997467
0.871936
0.861053
0.868132
0.870631
0.874291
0.876757
0.880102
1
0.999209
0.998766
0.927197
0.860737
0.873055
0.883955
0.903993
0.914745
0.925653
0.99967
0.999341
0.998906
0.997069
0.843806
0.850793
0.861509
0.882292
0.893569
0.904862
1
0.997716
0.998135
0.996703
0.999341
0.99967
0.999263
0.998526
0.999067
0.995663
1
0.999429
0.935217
0.915378
0.966082
0.968304
0.984212
0.996169
0.98814
0.999767
1
0.998766
0.930153
0.917167
0.8836
0.874234
0.870731
0.863422
0.859813
0.858166
1
1
0.954604
0.923251
0.886124
0.877036
0.873803
0.867065
0.862606
0.860007
1
1
1
0.920979
0.888707
0.87988
0.876742
0.870783
0.866049
0.862616
1
1
0.998957
0.997915
0.958445
0.883205
0.878941
0.874761
0.87019
0.865788
1
1
1
0.99967
1
0.997994
0.983185
0.922325
0.870485
0.869568
1
1
1
1
0.999714
0.999362
0.996155
0.99603
0.997788
0.998049
1
1
1
0.999429
0.927087
0.913771
0.910213
0.897996
0.942227
0.985965
1
1
1
0.997145
0.951797
0.913203
0.909797
0.883975
0.880172
0.87701
1
1
1
0.999534
0.957962
0.916915
0.914949
0.891055
0.884878
0.88199
1
1
1
0.99967
0.998255
0.931128
0.917029
0.894381
0.888658
0.885671
1
1
1
1
1
0.994623
0.999011
0.901858
0.896353
0.89096
1
1
1
1
1
1
0.999429
1
0.999341
0.98651
