0.999011
0.999429
1
0.999263
0.999534
1
1
0.99967
1
0.999534
0.998811
1
0.99967
0.998957
0.999534
0.999534
1
0.999429
1
1
0.996589
0.978055
0.988048
0.988708
0.998454
0.994946
0.996606
0.999534
0.999534
0.999534
0.998489
0.905128
0.813987
0.792737
0.792737
0.792737
0.792737
0.792737
0.792737
0.792737
0.999835
0.979966
0.88858
0.846737
0.811284
0.79584
0.792737
0.792737
0.792737
0.792737
1
0.999429
0.938895
0.909191
0.884794
0.867337
0.859546
0.849212
0.842789
0.835574
0.99967
0.996803
0.999263
0.957208
0.927497
0.91932
0.915144
0.916959
0.931563
0.993308
0.996329
0.994167
0.994414
0.99967
1
1
0.99967
0.999192
0.999192
0.999534
1
0.892978
0.968378
0.995528
1
1
0.999341
0.999192
0.998319
0.997941
1
0.949081
0.871734
0.832613
0.797371
0.792737
0.792737
0.792737
0.792737
0.792737
0.99967
0.978402
0.929619
0.893052
0.849785
0.826132
0.820518
0.817604
0.814617
0.812851
0.999534
1
0.961364
0.934662
0.907585
0.889033
0.879739
0.863223
0.853377
0.852503
0.999341
0.997788
0.999341
0.983491
0.96289
0.948658
0.941362
0.92831
0.91992
0.910219
1
1
1
0.999534
0.998049
0.997511
0.988569
0.978675
0.973479
0.967408
1
0.995022
0.994684
1
0.999429
0.997813
0.99967
1
0.999263
0.999534
1
0.981317
0.999341
0.989705
0.998419
0.997788
0.997915
0.999011
0.999534
0.999192
0.999011
0.993965
0.853481
0.792737
0.792737
0.792737
0.792737
0.792737
0.792737
0.792737
0.999263
0.998858
0.897028
0.792737
0.792737
0.792737
0.792737
0.792737
0.792737
0.792737
0.999596
0.999067
0.991073
0.79359
0.792737
0.792737
0.792737
0.792737
0.792737
0.792737
0.999263
0.997321
0.99774
0.805177
0.792737
0.792737
0.792737
0.792737
0.792737
0.792737
0.999429
0.99667
0.998351
0.984923
0.792737
0.792737
0.792737
0.792737
0.792737
0.792737
1
0.991804
0.990698
0.999263
0.999534
0.995791
0.988255
1
0.999341
0.996002
1
0.999534
0.886731
0.861803
0.837408
0.914739
0.982022
0.995804
0.999767
0.98255
1
0.998858
0.879823
0.863885
0.840508
0.829523
0.825335
0.816884
0.812971
0.811251
1
1
0.912218
0.871326
0.843578
0.83285
0.828935
0.820992
0.815993
0.813182
1
1
0.998049
0.864522
0.846634
0.836213
0.832428
0.825274
0.819833
0.816005
1
0.99967
0.999534
0.994745
0.869062
0.840229
0.834987
0.829985
0.824632
0.819505
1
1
0.999534
1
0.999011
0.993921
0.999192
0.832178
0.82438
0.823664
1
1
1
0.998287
0.940847
0.997838
0.999263
0.997716
0.997051
0.998601
1
1
1
0.99967
0.877814
0.873379
0.864995
0.836601
0.830636
0.827667
1
1
1
0.999011
0.916193
0.876446
0.867812
0.841078
0.837384
0.83373
1
1
1
0.999534
0.925377
0.877119
0.872311
0.848746
0.842895
0.839633
1
1
0.999341
0.99967
0.992822
0.878844
0.873849
0.853451
0.846278
0.843834
1
1
1
1
1
0.999341
0.998906
0.862216
0.851814
0.845299
1
1
1
1
0.999341
1
0.999714
0.99967
0.998906
0.975074
