1
1
1
1
1
1
1
1
1
1
1
1
1
1
1
1
1
1
1
1
1
1
1
1
1
1
1
1
1
1
1
1
1
1
1
1
1
1
1
1
1
1
1
1
1
1
1
1
1
1
1
1
1
1
1
1
1
1
1
1
1
1
1
1
1
1
1
1
1
1
1
1
1
1
1
1
1
1
1
1
1
1
1
1
1
1
1
1
1
1
1
1
1
1
1
1
1
1
1
1
1
1
1
1
1
1
1
1
1
1
1
1
1
1
1
1
1
1
1
1
1
1
1
1
1
1
1
1
1
1
1
1
1
1
1
1
1
1
1
1
1
1
0.99967
0.999534
0.999341
1
1
1
1
1
1
1
0.999534
0.999192
1
1
0.999429
1
1
1
1
1
1
1
1
1
1
1
1
1
1
1
1
1
1
1
1
1
1
1
1
1
1
1
1
1
1
1
1
1
1
1
1
1
1
1
1
1
1
1
1
1
1
1
1
1
1
1
1
1
1
1
1
1
0.997383
0.998454
0.999011
1
0.998419
0.998385
1
1
1
0.999341
0.997915
0.99144
0.998049
0.996703
0.998419
0.998906
1
1
1
0.998858
0.957864
0.955304
0.951406
0.999534
0.993203
0.996329
1
1
1
0.999429
0.978531
0.977377
0.971505
0.971587
0.968521
0.972715
1
1
1
1
0.999534
1
0.998319
0.998454
0.999534
1
1
1
1
1
0.999429
1
0.999128
1
1
1
1
1
1
1
1
0.999192
1
0.999128
0.999341
1
1
1
1
1
1
1
0.996071
0.999429
0.997994
0.999128
1
1
1
1
0.99967
1
0.977283
0.977645
0.98629
0.998723
1
1
1
1
1
1
0.992547
0.965486
0.966096
0.966794
1
1
1
1
1
1
1
0.99018
0.984676
0.980286
1
1
1
1
1
1
1
1
0.999341
0.999128
1
1
1
1
1
1
1
0.999192
0.999192
1
1
1
1
1
1
1
1
1
0.999534
1
