0.999835
1
1
1
1
1
1
1
1
1
1
0.99967
0.999341
0.99967
1
1
1
1
1
1
1
0.999429
0.999714
1
1
1
1
1
1
1
1
0.99967
0.99967
1
0.999534
0.999429
1
1
1
1
1
1
1
1
0.998194
1
0.999534
1
1
1
1
1
1
1
1
1
1
1
1
1
1
1
1
1
1
1
1
1
1
1
1
1
0.999767
1
1
1
1
1
1
1
1
1
1
0.998224
0.997968
1
0.999534
0.999192
0.99967
1
1
1
1
1
0.99967
0.999534
0.998906
0.974618
0.961513
0.947999
1
1
1
1
1
1
1
1
1
1
1
1
1
1
1
0.99967
1
1
1
1
1
1
1
1
1
1
1
1
1
1
1
1
1
1
1
1
1
1
1
1
0.99967
1
0.999341
1
0.999429
1
1
1
1
1
1
0.998681
0.997577
0.997645
1
0.999534
1
0.999534
1
1
1
0.996622
0.99774
0.929557
0.988451
0.997716
1
1
0.997342
0.998489
1
0.996606
0.998957
0.949894
0.982144
0.989843
0.994186
0.995326
0.998601
0.998255
0.999263
0.998641
0.999011
0.982919
0.999534
0.99967
0.997838
0.998078
0.998601
0.99967
1
1
0.997669
1
0.998723
0.999082
0.998858
0.999011
0.99967
0.999534
1
1
1
0.994745
0.99967
0.999011
0.998287
0.999341
0.999192
0.996299
0.999263
0.999192
0.998526
0.993365
0.994532
0.998906
0.998601
0.998641
0.998957
0.998022
1
1
0.9836
0.957869
0.993195
0.994532
0.997362
0.992583
0.994038
0.998135
1
0.999341
0.989881
0.936484
0.910309
0.900416
0.896567
0.888912
0.885051
0.883341
1
0.999263
0.998641
0.941629
0.912893
0.903436
0.899848
0.892721
0.887936
0.885231
1
1
1
0.945562
0.916
0.90644
0.903043
0.89649
0.891693
0.887924
1
1
1
0.998766
0.979909
0.909464
0.908376
0.899882
0.896486
0.894506
1
1
1
0.99967
0.998906
0.994562
0.986
0.945185
0.900003
0.900902
1
1
1
0.99967
0.996403
0.998766
0.990087
0.999341
1
1
1
1
1
1
0.963699
0.936386
0.983774
0.95695
0.989795
0.985329
1
1
1
1
0.963551
0.940905
0.933349
0.912186
0.906867
0.902566
1
1
1
1
0.984444
0.94622
0.942294
0.918106
0.911182
0.908459
1
1
1
1
0.999341
0.988067
0.951087
0.920333
0.916021
0.912385
1
1
1
1
0.999011
0.999263
0.998385
0.929128
0.92229
0.917847
1
1
1
1
1
1
1
1
0.998255
0.990774
