0.486458
0.447426
0.370792
0.297961
0.240399
0.221797
0.217409
0.213069
0.211496
0.210845
0.547137
0.559694
0.555339
0.544521
0.523946
0.506615
0.497657
0.482432
0.47323
0.463096
0.571634
0.599181
0.613868
0.624264
0.633374
0.636302
0.636401
0.634517
0.632132
0.628474
0.57487
0.600942
0.61466
0.623709
0.633789
0.640893
0.644428
0.650506
0.654111
0.657865
0.57188
0.594924
0.607193
0.614666
0.621781
0.626557
0.628923
0.633013
0.635522
0.638278
0.566838
0.586867
0.59758
0.603963
0.609834
0.613435
0.615088
0.61773
0.619129
0.620068
0.560886
0.578124
0.587147
0.592378
0.596779
0.599043
0.599821
0.600244
0.599468
0.596485
0.378283
0.501725
0.544519
0.521096
0.446812
0.370984
0.328605
0.261676
0.234635
0.221165
0.365511
0.462582
0.516135
0.538748
0.548962
0.548554
0.546032
0.538345
0.530525
0.519128
0.354503
0.43294
0.474803
0.493752
0.507006
0.515174
0.519738
0.529618
0.537389
0.54773
0.34468
0.409994
0.444877
0.462331
0.473952
0.479254
0.481514
0.485443
0.488179
0.491712
0.336101
0.391018
0.420113
0.436368
0.448805
0.454822
0.457252
0.460839
0.46278
0.46478
0.328559
0.37512
0.399024
0.413202
0.425235
0.431867
0.434723
0.43913
0.441563
0.444053
0.322246
0.361532
0.381228
0.39294
0.403506
0.409681
0.412475
0.416941
0.419509
0.422218
0.412711
0.473329
0.490744
0.509956
0.503553
0.463083
0.425394
0.350951
0.306217
0.258556
0.409285
0.469815
0.499797
0.518828
0.535885
0.542108
0.544381
0.550321
0.553286
0.552029
0.405561
0.460548
0.489344
0.508922
0.526346
0.536817
0.542419
0.55406
0.562421
0.572081
0.401681
0.453051
0.477069
0.494557
0.510865
0.519535
0.523378
0.530085
0.534386
0.539052
0.397074
0.447063
0.466569
0.480628
0.494696
0.502634
0.506024
0.511436
0.514647
0.518057
0.392637
0.441381
0.458162
0.469157
0.479802
0.486375
0.489214
0.493655
0.496214
0.498919
0.390326
0.43714
0.452251
0.460121
0.467863
0.472718
0.474959
0.478449
0.480426
0.482409
0.340503
0.359478
0.383372
0.404529
0.427017
0.439742
0.444484
0.448008
0.448774
0.449483
0.338348
0.357805
0.373284
0.389407
0.409593
0.423584
0.429953
0.436686
0.437989
0.438707
0.338735
0.358484
0.36981
0.382177
0.396152
0.407397
0.414015
0.423977
0.426959
0.428642
0.336615
0.357184
0.367914
0.378547
0.388941
0.397331
0.402859
0.413916
0.418701
0.421914
0.336499
0.355137
0.366744
0.375813
0.384183
0.389853
0.393683
0.402937
0.408525
0.413306
0.338621
0.352753
0.365482
0.373691
0.380988
0.384791
0.387095
0.393162
0.397813
0.402711
0.355269
0.356141
0.364628
0.373415
0.380267
0.38212
0.383448
0.386714
0.38952
0.392915
0.329127
0.311436
0.327452
0.336094
0.362145
0.384396
0.40946
0.426749
0.431991
0.437293
0.331814
0.309812
0.325041
0.331721
0.347681
0.365139
0.385466
0.402106
0.406529
0.41099
0.340308
0.310215
0.323487
0.330035
0.344074
0.357077
0.372276
0.3875
0.390768
0.393904
0.355799
0.308926
0.322329
0.328057
0.341651
0.352888
0.364762
0.379515
0.382225
0.384446
0.376692
0.306351
0.318177
0.326003
0.338937
0.34926
0.358986
0.374051
0.376836
0.378639
0.424151
0.307735
0.316525
0.32309
0.335877
0.345484
0.353598
0.369108
0.372723
0.374643
0.498575
0.322942
0.318876
0.321958
0.330993
0.340557
0.346655
0.364049
0.368875
0.371276
