0.404964
0.368407
0.312338
0.263492
0.227464
0.216677
0.214068
0.21127
0.210044
0.209302
0.449593
0.453722
0.447897
0.440171
0.428391
0.419077
0.414434
0.406621
0.40178
0.396144
0.465693
0.482565
0.491788
0.499889
0.510629
0.519022
0.52328
0.5302
0.533746
0.536875
0.468306
0.484556
0.492529
0.498183
0.504968
0.510244
0.513026
0.51813
0.521473
0.525392
0.467735
0.48297
0.490124
0.494615
0.499232
0.502409
0.504028
0.506922
0.508772
0.510899
0.465587
0.479606
0.486194
0.489941
0.49347
0.495732
0.496817
0.498637
0.499609
0.500266
0.4627
0.475365
0.481339
0.484534
0.487113
0.488396
0.488825
0.489035
0.48852
0.486442
0.348864
0.430013
0.452331
0.428208
0.367371
0.311597
0.282678
0.240289
0.224448
0.21715
0.338909
0.405681
0.43568
0.447263
0.450649
0.446424
0.44232
0.433417
0.427078
0.419154
0.330168
0.386956
0.412356
0.421154
0.425449
0.427783
0.429272
0.433079
0.436527
0.441557
0.322335
0.371233
0.394405
0.404256
0.408858
0.410215
0.41067
0.411534
0.412289
0.413465
0.315414
0.357301
0.378183
0.388679
0.395578
0.398298
0.399189
0.400234
0.400682
0.401115
0.309309
0.345075
0.363129
0.373344
0.381365
0.385372
0.38698
0.389299
0.390467
0.391559
0.304246
0.334529
0.349754
0.358753
0.366458
0.370835
0.372766
0.375758
0.377433
0.379137
0.357299
0.383939
0.395168
0.40923
0.40507
0.376539
0.350801
0.299721
0.269353
0.238528
0.35575
0.382139
0.400479
0.413971
0.427745
0.433368
0.435704
0.442406
0.4455
0.445798
0.354118
0.378104
0.394734
0.407297
0.419834
0.427627
0.431831
0.440953
0.447804
0.455875
0.352933
0.375271
0.389038
0.399985
0.411326
0.41762
0.420491
0.42579
0.429475
0.433721
0.351021
0.373105
0.384282
0.392988
0.402934
0.408741
0.411223
0.415343
0.417989
0.420998
0.349609
0.371411
0.380517
0.387077
0.394829
0.399917
0.402161
0.40575
0.4079
0.410281
0.349131
0.371756
0.378888
0.382792
0.388071
0.391957
0.393822
0.396834
0.398612
0.400473
0.302406
0.307971
0.322104
0.336512
0.351987
0.360784
0.364459
0.367565
0.368282
0.368907
0.300339
0.307289
0.314945
0.325473
0.339027
0.3485
0.352953
0.35814
0.359188
0.359796
0.301307
0.30879
0.313369
0.321694
0.331344
0.338483
0.342569
0.349218
0.351252
0.352362
0.299624
0.308647
0.312763
0.319941
0.327529
0.333096
0.336534
0.343537
0.346634
0.348673
0.300001
0.307895
0.312787
0.318578
0.324915
0.328983
0.331522
0.337572
0.341235
0.344279
0.301746
0.306914
0.312758
0.317608
0.323097
0.326059
0.327701
0.331907
0.335097
0.338389
0.314281
0.311005
0.3124
0.318568
0.323586
0.32457
0.325601
0.327986
0.330016
0.332474
0.312947
0.287158
0.290781
0.292383
0.309534
0.323189
0.338768
0.351734
0.355307
0.358908
0.315372
0.286581
0.288685
0.289933
0.300118
0.309764
0.322082
0.334329
0.337329
0.340361
0.323146
0.286692
0.287441
0.289311
0.298316
0.305752
0.314866
0.326024
0.328265
0.330358
0.339014
0.285702
0.287508
0.288369
0.297256
0.303928
0.310866
0.321516
0.323453
0.324992
0.355575
0.283783
0.285188
0.287659
0.295894
0.302326
0.307936
0.318349
0.320332
0.321587
0.402082
0.285614
0.285591
0.28666
0.294743
0.300694
0.305523
0.315649
0.318079
0.319341
0.470079
0.299329
0.288781
0.286663
0.291879
0.298525
0.301999
0.313643
0.316448
0.317666
