0.319212
0.289879
0.25748
0.232699
0.21614
0.211509
0.210269
0.208567
0.207553
0.206795
0.343046
0.339474
0.333601
0.328595
0.323963
0.321927
0.321129
0.319671
0.31852
0.316815
0.349981
0.354369
0.356767
0.360512
0.367504
0.374193
0.37805
0.385551
0.39065
0.3967
0.352602
0.35768
0.359694
0.361432
0.364194
0.366862
0.368445
0.371583
0.373784
0.376472
0.354081
0.359692
0.361685
0.362988
0.364568
0.365827
0.366521
0.367855
0.368778
0.369892
0.354528
0.360413
0.362526
0.363693
0.36482
0.365572
0.365939
0.366562
0.366898
0.367057
0.354186
0.360043
0.362204
0.363259
0.364075
0.364395
0.36445
0.364257
0.363896
0.362877
0.302008
0.338268
0.34347
0.325753
0.286933
0.256056
0.241808
0.222506
0.216036
0.213372
0.296266
0.327512
0.336767
0.339233
0.338166
0.334321
0.330942
0.323032
0.318292
0.313938
0.291003
0.319687
0.328701
0.329957
0.328309
0.326728
0.326061
0.325428
0.325587
0.326459
0.286256
0.312259
0.322029
0.324834
0.324693
0.323708
0.323128
0.322147
0.321624
0.321199
0.28203
0.305202
0.315104
0.319272
0.321081
0.321249
0.321124
0.320699
0.320351
0.319922
0.278277
0.298614
0.307981
0.312712
0.315954
0.317297
0.317757
0.318276
0.318447
0.318534
0.275239
0.292559
0.301069
0.305665
0.309452
0.311391
0.312203
0.31341
0.314053
0.314674
0.291427
0.291698
0.297461
0.306252
0.305103
0.290842
0.277289
0.251226
0.23537
0.220736
0.291069
0.291036
0.298212
0.305866
0.313933
0.31803
0.320472
0.327109
0.330694
0.33151
0.291031
0.291141
0.296312
0.30233
0.30908
0.313514
0.315948
0.321493
0.325902
0.331179
0.291843
0.29156
0.295586
0.300571
0.306531
0.310053
0.311706
0.314964
0.317425
0.320463
0.292142
0.292189
0.295223
0.298977
0.304346
0.307606
0.309026
0.311472
0.313156
0.315215
0.29268
0.293102
0.295145
0.297521
0.301795
0.304802
0.306148
0.308347
0.309722
0.31131
0.294054
0.295939
0.296897
0.29679
0.299526
0.301919
0.303084
0.304997
0.306158
0.307424
0.259283
0.252982
0.258951
0.266993
0.275209
0.279941
0.282112
0.284313
0.284902
0.285445
0.258958
0.25312
0.255292
0.260274
0.266753
0.271334
0.273663
0.276702
0.277413
0.277851
0.260169
0.254893
0.25504
0.259121
0.264027
0.267264
0.269014
0.272183
0.273204
0.273742
0.258716
0.255852
0.255288
0.258708
0.262836
0.265586
0.267087
0.270246
0.27169
0.272598
0.260185
0.25655
0.256292
0.258408
0.26194
0.264171
0.265403
0.26827
0.270035
0.271424
0.261455
0.257246
0.257995
0.25863
0.26136
0.263078
0.263965
0.266136
0.267769
0.269409
0.271463
0.26144
0.258223
0.26124
0.263362
0.262814
0.263287
0.26455
0.265678
0.267011
0.288893
0.258007
0.250035
0.246271
0.253804
0.260633
0.267415
0.27489
0.276791
0.278697
0.295799
0.258293
0.249184
0.245156
0.249485
0.253043
0.258102
0.264842
0.266321
0.267777
0.302175
0.259155
0.248656
0.245341
0.249091
0.251929
0.255619
0.261749
0.262923
0.26397
0.313578
0.259513
0.249225
0.245247
0.248943
0.251682
0.254428
0.260067
0.261118
0.261921
0.328244
0.258587
0.249453
0.246392
0.248954
0.251558
0.253711
0.258913
0.259972
0.260623
0.365156
0.260696
0.251727
0.248089
0.250184
0.251874
0.253715
0.25813
0.259291
0.259871
0.426227
0.271784
0.255269
0.249375
0.25009
0.252989
0.253882
0.259442
0.259743
0.259694
