0.601989
0.564376
0.462146
0.355155
0.26314
0.230523
0.222582
0.215328
0.21294
0.212138
0.675372
0.700012
0.694087
0.674933
0.640099
0.611544
0.597117
0.572503
0.55762
0.541463
0.696826
0.732921
0.743455
0.741013
0.731144
0.721137
0.715443
0.704956
0.698258
0.690804
0.697824
0.730879
0.74754
0.754784
0.757901
0.757744
0.757114
0.755127
0.753347
0.750873
0.689439
0.716111
0.730723
0.739018
0.745638
0.748969
0.750264
0.752016
0.752808
0.753451
0.679877
0.701509
0.713216
0.720231
0.726409
0.729889
0.731385
0.733574
0.734499
0.734396
0.671076
0.688964
0.69827
0.703627
0.70782
0.709552
0.709895
0.709164
0.707287
0.702721
0.400992
0.570744
0.654326
0.640706
0.559102
0.462343
0.403163
0.300979
0.254591
0.229025
0.386948
0.511765
0.595806
0.639441
0.667635
0.67731
0.678522
0.672653
0.663107
0.647487
0.374203
0.472492
0.530376
0.563247
0.592458
0.612636
0.623591
0.645413
0.660942
0.679635
0.36332
0.443662
0.488685
0.513808
0.534401
0.54585
0.551162
0.560691
0.567134
0.575125
0.353377
0.420508
0.456625
0.477701
0.495489
0.50524
0.509551
0.516475
0.520534
0.524997
0.344673
0.401527
0.43046
0.447865
0.463185
0.471967
0.475947
0.482385
0.486118
0.490103
0.337437
0.38591
0.408934
0.422835
0.435548
0.442943
0.446341
0.451915
0.455213
0.458735
0.473213
0.59951
0.627712
0.652785
0.644017
0.588303
0.535424
0.429804
0.364649
0.29218
0.466159
0.59228
0.639022
0.662976
0.68184
0.68814
0.689403
0.69197
0.690799
0.683413
0.458363
0.572703
0.620316
0.648534
0.670116
0.682361
0.688615
0.699926
0.706784
0.714121
0.449929
0.554044
0.595568
0.620562
0.641336
0.65191
0.65635
0.662742
0.665843
0.668465
0.440255
0.536751
0.573578
0.593096
0.609123
0.618023
0.621759
0.627213
0.62989
0.632185
0.431597
0.520603
0.554261
0.570095
0.58087
0.586657
0.58915
0.592965
0.59497
0.596862
0.425517
0.506895
0.537416
0.551106
0.559976
0.563284
0.564607
0.566476
0.567421
0.568175
0.39142
0.428843
0.471431
0.502386
0.534341
0.552148
0.557864
0.561423
0.56218
0.562946
0.387951
0.425162
0.457014
0.481068
0.509811
0.52941
0.538459
0.547052
0.54861
0.549501
0.386644
0.423883
0.449794
0.468322
0.487593
0.504573
0.514854
0.529537
0.533759
0.536154
0.384517
0.420815
0.445082
0.46138
0.474813
0.48696
0.495639
0.51238
0.519537
0.524469
0.383673
0.416466
0.44134
0.456327
0.466506
0.473964
0.479553
0.493304
0.50165
0.509021
0.38625
0.411676
0.437304
0.452299
0.461237
0.465692
0.468719
0.476963
0.483366
0.490332
0.406108
0.414119
0.434345
0.449827
0.459214
0.461292
0.462831
0.466824
0.470348
0.474715
0.349231
0.342507
0.370785
0.395871
0.43564
0.473729
0.51229
0.533873
0.541321
0.548855
0.351964
0.339396
0.368376
0.387469
0.414516
0.445338
0.477458
0.498252
0.504502
0.510884
0.35994
0.33938
0.365979
0.383274
0.407545
0.430027
0.454788
0.474162
0.478729
0.483185
0.376846
0.336848
0.363132
0.379335
0.402502
0.421353
0.441059
0.46047
0.464156
0.467256
0.398569
0.332769
0.357508
0.375425
0.396908
0.41361
0.430122
0.451098
0.454946
0.457465
0.44795
0.334554
0.354228
0.369925
0.390665
0.405412
0.419156
0.442344
0.447629
0.450534
0.5227
0.352704
0.356553
0.366816
0.382952
0.395782
0.406261
0.432373
0.439964
0.444119
