0.00462051
0.0108989
0.00831018
0.00105925
0.00230428
0.00231293
0.00143092
0.00301689
0.00136775
0.000698273
0.00463007
0.00404951
0.00946869
0.0208291
0.0707829
0.0181661
0.0267913
0.0117813
0.00359974
0.00494881
0.00576161
0.00431019
0.00577185
0.00459706
0.0177212
0.0301685
0.0148138
0.0194059
0.0178021
0.00235004
0.00576161
0.00610551
0.00430837
0.00897043
0.0151634
0.00401501
0.0132212
0.0205469
0.0241899
0.0251464
0.00576161
0.00492582
0.000744149
0.00497272
0.00754155
0.00139051
0.0038339
0.00148283
0.00105857
0.0033123
0.00340212
0.00576513
0.00579291
0.0058438
0.00593965
0.00603424
0.00550718
0.00615696
0.00628138
0.00464589
0.00349091
0.00576172
0.00526608
0.00577003
0.00577777
0.00578494
0.00578904
0.00579917
0.00546825
0.00471602
0.000624165
0.000614034
0.00176082
0.00477009
0.00770195
0.0129877
0.00974452
0.00213307
0.00258113
0.002223
0.000618132
0.00063646
0.00551674
0.00475575
0.00515372
0.0160268
0.0193605
0.0255705
0.0238114
0.0388695
0.000584892
0.000629516
0.000504979
0.0034349
0.00354954
0.0077756
0.000996752
0.00386771
0.00612509
0.00538754
0.000583526
0.00061096
0.00154727
0.00270453
0.00339756
0.00224907
0.00516988
0.00510079
0.00347679
0.00299265
0.000618246
0.000654446
0.00179452
0.00380168
0.00127656
0.00486013
0.00446956
0.00219978
0.00126495
0.00110239
0.000683588
0.000604699
0.000904089
0.00198827
0.00105185
0.00180101
0.00243747
0.000323979
0.00254311
0.000751435
0.000576468
0.000562466
0.0007421
0.000817004
0.000202287
0.00217473
0.00249894
0.00331776
0.00323876
0.00187591
0.000620295
0.000651486
0.00630415
0.0288356
0.0742911
0.0192509
0.0054909
0.00689041
0.00681812
0.00580498
0.000570662
0.00058899
0.00577253
0.00661083
0.00832885
0.030526
0.0293761
0.0123081
0.0487777
0.0111472
0.000516248
0.00067414
0.00568488
0.00470361
0.0102043
0.0150619
0.0132318
0.0147781
0.0098571
0.010869
0.000385564
0.00061096
0.00182776
0.0011905
0.0118373
0.0034686
0.00389696
0.00649551
0.00923783
0.00561544
0.000504637
0.000628036
0.0020642
0.00579052
0.00129796
0.00211781
0.00680389
0.00454936
0.00381352
0.00338846
0.00101007
0.000603903
0.00542681
0.00231099
0.00291342
0.00543546
0.00678443
0.00261835
0.00504683
0.00415492
0.00194899
0.0012415
0.00372405
0.00219078
0.00313016
0.00535726
0.00296203
0.00149274
0.000472194
0.00043827
0.000641241
0.000613465
0.00539494
0.0103549
0.0056752
0.011998
0.00722395
0.00780782
0.00822355
0.00851554
0.000445784
0.000671294
0.00301963
0.00341475
0.00272445
0.00535806
0.00307017
0.000323182
0.00209095
0.00184563
0.000710226
0.000598552
0.00478227
0.00239273
0.00560201
0.000713527
0.00426056
0.00573645
0.00399623
0.00189208
0.000257498
0.000790822
0.00542522
0.00167966
0.00286276
0.00357674
0.00187921
0.0031206
0.000690191
0.00253161
0.000630882
0.000627125
0.00649847
0.000726049
0.00217815
0.00577686
0.00374636
0.00171438
0.00074654
0.00245636
0.000991743
0.000821899
0.00101793
0.00181831
0.00470338
0.00149547
0.00268461
0.0013764
0.00188695
0.00220922
0.0014817
0.00190403
0.00448778
0.00314496
0.00362148
0.00171836
0.00102293
0.000764867
0.00289873
0.00259855
0.000607887
0.000532299
0.000926174
0.00315088
0.00366576
0.00696702
0.0072112
0.0035369
0.00517057
0.0112711
0.00219352
0.00105754
0.0010416
0.00173134
0.00259889
0.00471773
0.00813635
0.00501643
0.00339073
0.00384289
0.000947803
0.000495416
0.0010144
0.000961804
0.00303249
0.00479217
0.00262291
0.002014
0.00295645
0.00512458
0.00188832
0.00166429
0.00310853
0.00190016
0.00212009
0.00197381
0.00391848
0.00238431
0.00390414
0.00192953
0.00407887
0.000583526
0.000846488
0.00230177
0.00419533
0.00529419
0.00401365
0.00246502
0.00327246
0.00414809
0.000255677
0.000907618
0.00221355
0.00225089
0.000794123
0.000387955
0.00202822
0.000701916
0.000961691
0.00258045
0.00172644
0.00246684
0.00171153
0.00171563
0.0013797
0.00151824
0.00182025
0.000616766
0.000292787
0.00317968
