0.00254447
0.00205236
0.00217143
0.00144322
0.000632589
0.00221822
0.0022436
0.000644315
0.002817
0.0017047
0.00576172
0.00617392
0.0117887
0.0146626
0.016109
0.016787
0.0106955
0.00275302
0.00451931
0.00353417
0.00367851
0.00795671
0.00714085
0.00951297
0.00909781
0.0263744
0.0265341
0.00841525
0.0127514
0.0197872
0.00170686
0.00610573
0.00529465
0.00568955
0.00487459
0.0137563
0.0116587
0.0138201
0.0143918
0.0119705
0.00415412
0.00579769
0.00492479
0.0065818
0.00468813
0.00593487
0.00680321
0.00654389
0.00394364
0.00346359
0.000491091
0.00576536
0.00579007
0.00205008
0.00410005
0.00601421
0.00606555
0.00556638
0.00496566
0.00529556
0.00359302
0.00576172
0.00576445
0.00576969
0.00499788
0.00241197
0.00163594
0.0052301
0.00398211
0.00355261
0.000626442
0.00062075
0.00524547
0.00649061
0.00503499
0.00588261
0.00340758
0.000595706
0.00314291
0.00129591
0.000613237
0.000632589
0.00481858
0.00308736
0.00515713
0.0126039
0.00809685
0.0195276
0.0150107
0.0151186
0.000492684
0.000616197
0.00115407
0.00369855
0.00144595
0.0042017
0.00513107
0.00298183
0.00385302
0.0145226
0.000595479
0.000605952
0.000862198
0.00352108
0.00388478
0.00289748
0.00163492
0.00511205
0.00204052
0.00331913
0.00061927
0.000650234
0.00170015
0.00077978
0.00357891
0.000590698
0.00480595
0.00250565
0.00182799
0.00220672
0.000623938
0.000607204
0.000877452
0.00109021
0.00191792
0.00170436
0.000941086
0.0015171
0.00108885
0.00233456
0.000604244
0.000600374
0.00069315
0.000771925
0.00130354
0.00209231
0.00146325
0.00310159
0.00191814
0.00117525
0.00064716
0.000642493
0.00875209
0.00489611
0.00460093
0.0094762
0.00842549
0.00167704
0.00197108
0.00381762
0.000583867
0.000598894
0.00726732
0.0119973
0.0102938
0.00588762
0.0083194
0.0160509
0.0169907
0.0238419
0.000552221
0.000620181
0.0056044
0.00597129
0.000995272
0.00755499
0.00316556
0.0102311
0.0120305
0.0183172
0.000351869
0.000648071
0.00445647
0.00452352
0.00732583
0.00607727
0.0121112
0.00438635
0.00338664
0.00708666
0.000704876
0.000630996
0.00194956
0.00354635
0.00246672
0.00489372
0.00712093
0.00269383
0.00270521
0.00361647
0.000612782
0.000790822
0.0015722
0.00193146
0.00259832
0.00415469
0.00167852
0.00246911
0.00403004
0.00404666
0.000778528
0.0017203
0.00263896
0.00209266
0.00168694
0.00355614
0.00320677
0.00156115
0.00171836
0.00132324
0.000593771
0.000636118
0.00298889
0.00133621
0.00229244
0.00460195
0.00664418
0.0047134
0.00392178
0.00329044
0.000477658
0.00018783
0.00407273
0.00191826
0.00125379
0.00340804
0.00341213
0.00268916
0.00237406
0.00155353
0.000362114
0.000608114
0.00107803
0.00235141
0.00411371
0.000348112
0.0035575
0.00179418
0.00240741
0.00259206
0.00034834
0.000689963
0.00435254
0.00460138
0.00330763
0.00525002
0.00189037
0.00281199
0.00223142
0.0013394
0.00196368
0.000619612
0.00408229
0.00287813
0.00162706
0.00282576
0.00150856
0.00139324
0.00149923
0.00184506
0.00325117
0.000607318
0.00132472
0.00495781
0.00200364
0.00168023
0.00135101
0.00139985
0.00259524
0.00312732
0.00123137
0.000705559
0.00199533
0.00359598
0.00193693
0.00365165
0.00212635
0.00307575
0.00271477
0.00258523
0.00129056
0.000698501
0.000902609
0.00137173
0.00235334
0.00264499
0.0056653
0.00198986
0.00816208
0.00111776
0.0024756
0.000928792
0.000981498
0.00216859
0.00242164
0.00231691
0.00411963
0.00123046
0.004423
0.00304342
0.00217633
0.000490294
0.00235095
0.000662073
0.00154988
0.00230576
0.00150959
0.000770901
0.000488586
0.00172553
0.00184495
0.00100153
0.000557116
0.00245113
0.00226227
0.00125186
0.0043868
0.000903748
0.00168717
0.00272559
0.00234549
0.00240924
0.00214274
0.00141043
0.000169047
0.005922
0.000349478
0.00168694
0.00234708
0.00224326
0.00202401
0.00216995
0.00280448
0.00109431
0.0012991
0.000473104
0.00282997
0.000926174
0.00318617
0.00129227
0.000795262
0.00334304
0.000567589
0.00260993
0.00350434
0.00225874
0.00112459
0.00382832
0.00212544
0.00204052
