0.00142205
0.001021
0.00172542
0.00225237
0.00028573
0.000912172
0.00177221
0.000549944
0.00159018
0.00119358
0.00576161
0.00473799
0.00200762
0.00514279
0.00446535
0.00560952
0.00106927
0.00317217
0.00252
0.00229437
0.00300562
0.00567407
0.00114132
0.00535453
0.00521405
0.00348431
0.00657394
0.00883974
0.00664224
0.00267174
0.00474505
0.000508735
0.00583936
0.00198656
0.00465955
0.00246251
0.00565301
0.00167943
0.00726277
0.00711
0.00165632
0.00431326
0.00377823
0.00189811
0.00405782
0.00324889
0.00243143
0.00249325
0.00268335
0.000391484
0.003346
0.00317911
0.00452614
0.00577618
0.00586474
0.00188638
0.00125015
0.0036422
0.00563661
0.00361169
0.00285092
0.00142478
0.00514757
0.00263099
0.00312083
0.00290226
0.00182161
0.00477715
0.00533495
0.00380533
0.000624621
0.000612099
0.00444395
0.00136342
0.00363161
0.00336945
0.00185793
0.00139427
0.0014036
0.00139905
0.000291308
0.000630085
0.00117343
0.00283715
0.00467663
0.00364345
0.00657428
0.0019178
0.00244646
0.0012193
0.000607431
0.000619498
0.00218953
0.00193943
0.00253673
0.0013682
0.00289054
0.00229187
0.00138641
0.000660707
0.000601398
0.00061984
0.00145142
0.000558937
0.000911944
0.00326756
0.00317513
0.000432351
0.00348601
0.00138027
0.000628036
0.000642379
0.00123478
0.00426067
0.00145938
0.000965561
0.00260982
0.0026031
0.00234503
0.00350343
0.000626897
0.000601967
0.000777617
0.00145745
0.00123456
0.00229768
0.00125949
0.0020247
0.00132608
0.0017639
0.000598894
0.000596162
0.000686092
0.000759859
0.00113427
0.00107815
0.00182742
0.00169047
0.00285024
0.00206112
0.000638281
0.000634183
0.00149957
0.000389435
0.00186373
0.00712821
0.00170277
0.00147783
0.00271352
0.000906025
0.000607431
0.00062519
0.00584835
0.00122397
0.00427399
0.00302122
0.00590993
0.00794021
0.00215049
0.00331913
0.000557571
0.000624962
0.00433615
0.00313893
0.00280812
0.00211474
0.000956568
0.00837563
0.00335624
0.00336193
0.000462973
0.000613123
0.0028302
0.00182685
0.0023999
0.00382639
0.00347315
0.00293789
0.00450223
0.00322066
0.000620181
0.00065843
0.00333473
0.000507142
0.0027874
0.00507688
0.00193135
0.00210108
0.00090204
0.00193977
0.000623255
0.000640444
0.00218327
0.0035591
0.00149399
0.00256883
0.00184119
0.00333279
0.00422811
0.0040026
0.00131629
0.00114838
0.00243735
0.0010202
0.00104491
0.00332243
0.00247765
0.000576354
0.00294506
0.0036949
0.000214013
0.000652625
0.000931182
0.00277249
0.00110319
0.00226569
0.00278934
0.00217029
0.00178564
0.00165666
0.000599349
0.000649665
0.00115942
0.00152234
0.00122682
0.00188388
0.000756785
0.00247173
0.00232932
0.00183493
0.000539016
0.000604472
0.00170891
0.00138949
0.00321588
0.00163981
0.000724228
0.00354589
0.00324969
0.00254777
0.000636232
0.000687345
0.00261778
0.00479331
0.00135852
0.00428321
0.00211076
0.000166543
0.00195446
0.00180693
0.00167806
0.000527177
0.0030926
0.00148488
0.00351345
0.00165108
0.000675961
0.00158472
0.00122773
0.00258375
0.000644428
0.000692581
0.00475438
0.00196117
0.00293118
0.00312993
0.0028343
0.000385109
0.00323819
0.00346518
0.00153167
0.000627239
0.00214787
0.00169719
0.00156537
0.00164573
0.00148625
0.00195059
0.00232659
0.00161466
0.000298024
0.000759062
0.000769079
0.00128658
0.0013172
0.00278091
0.00111298
0.00399395
0.00306482
0.00159394
0.000771925
0.000762021
0.000713869
0.0028598
0.00307267
0.000781374
0.00102726
0.00319141
0.00242153
0.000203995
0.000553359
0.000498718
0.00141897
0.00175638
0.00183197
0.00267641
0.00295463
0.00539722
0.00391973
0.00370856
0.00252649
0.00105913
0.00130593
0.000374864
0.00170072
0.000333313
0.00127269
0.00209095
0.00222129
0.00358175
0.00339631
0.00116773
0.0011214
0.00167647
0.00234822
0.000604699
0.00113005
0.000877452
0.00126802
0.000816891
0.00161853
0.00139063
0.0020486
0.000683702
0.00189765
0.00318776
0.00273674
0.00210973
0.00321975
0.00207319
0.00145244
0.00151767
0.00162171
0.00211759
0.00135238
0.00180966
0.0013986
0.00102567
0.000707152
0.00101383
