0.00220695
0.00178666
0.00390596
0.00421776
0.00136387
0.00204382
0.00244452
0.00188752
0.00204484
0.00281597
0.00222425
0.00187739
0.0168956
0.000719105
0.00263418
0.00464009
0.00384608
0.00273492
0.000769421
0.00370128
0.00576161
0.00640649
0.00768351
0.0130903
0.00566678
0.0111797
0.00459979
0.0112459
0.00475108
0.0123303
0.00576161
0.00606339
0.00691534
0.00210472
0.000753939
0.00984207
0.0106896
0.00502736
0.00416038
0.0070376
0.00281233
0.00579234
0.00602457
0.00288598
0.00337867
0.00367976
0.00398029
0.00481039
0.00644838
0.00469849
0.00299299
0.00576479
0.00503795
0.00151949
0.00294256
0.0059755
0.00599042
0.00395309
0.00303898
0.0054958
0.00369832
0.0054835
0.00553803
0.00437508
0.00577492
0.00578084
0.00578415
0.00579086
0.00417393
0.00284216
0.000628719
0.000621775
0.00485285
0.0058743
0.00432692
0.0064066
0.00113347
0.00184825
0.00188821
0.00172235
0.000611643
0.000632703
0.00258375
0.00366121
0.00357481
0.00515258
0.0042535
0.00765539
0.0115821
0.00408423
0.000595365
0.000616652
0.000307472
0.00338447
0.00202754
0.00231134
0.00716487
0.00257145
0.00617791
0.00602457
0.000600487
0.000613351
0.00264203
0.00114907
0.00215959
0.00499378
0.00177289
0.00640797
0.00186817
0.00494927
0.000626897
0.000642835
0.00149843
0.00177482
0.00192714
0.000264214
0.00166748
0.00408696
0.00582069
0.00290044
0.00063737
0.000611416
0.000845805
0.00177437
0.00199954
0.00158961
0.00251032
0.00232386
0.00308884
0.00169855
0.000601626
0.000573053
0.000700891
0.000815411
0.00129751
0.0018849
0.00210154
0.00158995
0.000599577
0.00157994
0.00060265
0.000635321
0.00735441
0.00423449
0.011616
0.00956568
0.00535555
0.00195207
0.00174477
0.000327849
0.000586827
0.00059047
0.00638657
0.00501017
0.00636915
0.0133119
0.00981088
0.0179226
0.00410699
0.00686776
0.000548692
0.000641469
0.00395616
0.00472262
0.00857507
0.00908779
0.00604415
0.0159829
0.00427684
0.00483111
0.000434172
0.000673912
0.00169377
0.00245318
0.00337969
0.00181956
0.00408696
0.00838679
0.00809992
0.00615252
0.000468096
0.000605155
0.00452546
0.00303613
0.00724023
0.00761509
0.00580236
0.00331173
0.00435743
0.000748816
0.000946778
0.00060026
0.00155421
0.00104946
0.00281347
0.00287369
0.00376867
0.00218247
0.00506174
0.00392303
0.00170516
0.000639306
0.00235027
0.00110467
0.0024353
0.00416186
0.00114463
0.00353656
0.00258602
0.00204143
0.000623938
0.000606862
0.00212601
0.00182628
0.0055271
0.00421821
0.00222641
0.00279503
0.00249484
0.00207797
0.000485854
0.000672432
0.0022765
0.000785813
0.00572427
0.00150742
0.00170129
0.00199146
0.00113358
0.00429619
0.000659341
0.000635208
0.0040898
0.00212977
0.00326688
0.00351311
0.00414604
0.00326415
0.000514996
0.0033855
0.000552676
0.000712275
0.000844553
0.000665716
0.00258489
0.0028894
0.00174158
0.00219921
0.00374613
0.00339233
0.00174967
0.000528543
0.00344287
0.00252148
0.0014727
0.0019392
0.00432419
0.00244851
0.00115601
0.00344469
0.00189253
0.00120211
0.00294461
0.00277943
0.00196801
0.00284284
0.00191257
0.00290112
0.0045324
0.00102681
0.000169958
0.00136308
0.00247583
0.00164573
0.00136752
0.00288416
0.000359837
0.00453377
0.0028384
0.00130377
0.000592405
0.000599463
0.00068336
0.000789342
0.00149308
0.00266047
0.00317797
0.00332664
0.00356285
0.00563422
0.00148386
0.000831689
0.00105834
0.00159792
0.00148397
0.00182457
0.00114679
0.00225954
0.00261801
0.00185041
0.00106198
0.00077386
0.000445898
0.00140986
0.00295554
0.00368489
0.0019334
0.00155546
0.0021695
0.00314735
0.00200808
0.000177926
0.00121247
0.000597186
0.00247344
0.00114611
0.00212681
0.00143878
0.00271819
0.00330126
0.00121065
0.000955088
0.00112698
0.00155341
0.00130673
0.00106244
0.00206158
0.00119858
0.00178621
0.00112516
0.00229916
0.00135739
0.00292321
0.00347725
0.00298069
0.00326381
0.00219852
0.00332084
0.00323489
0.0025702
0.0065662
0.00125516
0.00124082
0.00253924
0.00127998
0.00229574
0.0021185
0.00197677
0.00369832
0.0019153
