0.256115
0.188394
0.186011
0.203009
0.20878
0.209944
0.209843
0.20815
0.207118
0.207139
0.261674
0.209703
0.174074
0.167764
0.186185
0.20681
0.217056
0.232678
0.240453
0.247414
0.272033
0.235873
0.206332
0.186407
0.173899
0.173257
0.175385
0.182412
0.188355
0.195974
0.273554
0.24418
0.224285
0.209812
0.195604
0.187675
0.184594
0.180883
0.179688
0.179379
0.277171
0.253456
0.238683
0.228882
0.219236
0.213192
0.210393
0.205894
0.203366
0.200818
0.282165
0.263425
0.252311
0.245186
0.238346
0.23411
0.232114
0.22885
0.226974
0.225389
0.287172
0.27221
0.263536
0.258226
0.253342
0.250528
0.24949
0.248528
0.248686
0.249603
0.314146
0.31057
0.256699
0.202485
0.168022
0.180676
0.193654
0.208356
0.211578
0.213332
0.309783
0.317272
0.291587
0.265546
0.227289
0.19771
0.183117
0.164181
0.160728
0.164741
0.305103
0.318204
0.309769
0.298828
0.28421
0.269794
0.260627
0.240705
0.226019
0.208574
0.301786
0.315558
0.315776
0.3123
0.307593
0.303882
0.301593
0.296529
0.292535
0.28717
0.298305
0.311795
0.315841
0.316267
0.315793
0.314909
0.3143
0.312916
0.3118
0.310221
0.294821
0.308081
0.31251
0.315112
0.317096
0.317978
0.318313
0.318654
0.318722
0.318658
0.291664
0.304721
0.308673
0.311125
0.314001
0.315544
0.316246
0.317433
0.318142
0.318905
0.327531
0.224964
0.172069
0.138484
0.126096
0.151322
0.17105
0.194609
0.203181
0.209281
0.32944
0.25277
0.19834
0.174961
0.157621
0.150835
0.149273
0.150643
0.154166
0.160351
0.331448
0.280548
0.236452
0.213441
0.196825
0.188936
0.186144
0.183246
0.182282
0.181989
0.332692
0.300251
0.270812
0.25364
0.236932
0.228096
0.224782
0.221149
0.220203
0.22011
0.331821
0.31359
0.295619
0.286578
0.275259
0.268035
0.264848
0.260386
0.258453
0.257054
0.33181
0.323332
0.311431
0.306779
0.300721
0.296463
0.294475
0.291431
0.289881
0.288481
0.329257
0.329556
0.3215
0.318984
0.31571
0.312897
0.311501
0.309288
0.308071
0.306934
0.27626
0.269586
0.256884
0.245091
0.22981
0.222691
0.222633
0.223585
0.223582
0.22355
0.276447
0.271658
0.264938
0.259726
0.250812
0.242075
0.239286
0.238835
0.238698
0.23849
0.27881
0.274575
0.270945
0.269881
0.267384
0.260942
0.256542
0.253573
0.252972
0.252474
0.278775
0.276271
0.275527
0.275622
0.276477
0.27433
0.271151
0.266186
0.264027
0.262195
0.278781
0.278105
0.27963
0.279615
0.281465
0.282027
0.281437
0.279677
0.278214
0.276201
0.280012
0.279616
0.282957
0.282994
0.284539
0.285715
0.286091
0.286953
0.287418
0.287408
0.281578
0.28095
0.284209
0.286953
0.288053
0.288043
0.288439
0.289477
0.290372
0.291541
0.279898
0.26431
0.274688
0.279036
0.275811
0.243283
0.231306
0.228968
0.225371
0.221408
0.282687
0.264464
0.277028
0.281946
0.283803
0.262214
0.254504
0.256094
0.254481
0.252619
0.287177
0.268621
0.27784
0.284287
0.288596
0.275016
0.268833
0.272014
0.271554
0.2709
0.29653
0.269854
0.278542
0.285903
0.29226
0.283159
0.277228
0.279837
0.279849
0.27975
0.298794
0.266594
0.276303
0.287491
0.295014
0.290206
0.284319
0.284864
0.284641
0.284469
0.3048
0.268867
0.275315
0.287499
0.297109
0.296333
0.292218
0.290483
0.289433
0.288565
0.303236
0.276133
0.274177
0.283682
0.295716
0.299412
0.297958
0.299028
0.296603
0.29426
