0.232239
0.192076
0.193884
0.202951
0.207277
0.208366
0.208021
0.206123
0.205022
0.204519
0.228804
0.188397
0.167526
0.171558
0.193057
0.210955
0.219237
0.231086
0.236622
0.241354
0.235995
0.205985
0.186767
0.180906
0.183676
0.189055
0.192423
0.199304
0.20403
0.209708
0.239779
0.215732
0.198229
0.187278
0.179373
0.177046
0.176964
0.178606
0.180582
0.183447
0.24727
0.229828
0.21763
0.209145
0.201299
0.196882
0.195
0.192272
0.190923
0.189688
0.25441
0.24186
0.23397
0.228452
0.222903
0.219425
0.217822
0.215218
0.213831
0.212833
0.259618
0.25007
0.244611
0.241137
0.237993
0.2362
0.235598
0.235165
0.235703
0.237327
0.302201
0.285894
0.224518
0.187227
0.175118
0.188821
0.19802
0.207867
0.210574
0.212259
0.297222
0.30016
0.269544
0.239116
0.203058
0.179702
0.169871
0.161963
0.164184
0.172674
0.293198
0.302613
0.29269
0.278865
0.260414
0.244389
0.234949
0.216006
0.202684
0.18696
0.289136
0.300701
0.299521
0.29504
0.287692
0.281747
0.278512
0.272225
0.267735
0.26209
0.285652
0.297417
0.300217
0.299918
0.297967
0.295919
0.294649
0.29211
0.290296
0.288038
0.282271
0.293969
0.297842
0.299517
0.300596
0.300805
0.300749
0.300381
0.299985
0.299368
0.278911
0.290093
0.294503
0.296806
0.298923
0.300053
0.300522
0.301247
0.301614
0.301973
0.279598
0.190062
0.164486
0.148685
0.144231
0.16439
0.180958
0.197141
0.201614
0.206243
0.282497
0.203145
0.17045
0.156842
0.146272
0.143883
0.14464
0.147453
0.153278
0.161204
0.286031
0.221522
0.191635
0.175887
0.165522
0.160435
0.158656
0.157663
0.158483
0.160182
0.289857
0.238176
0.215486
0.203515
0.193491
0.188236
0.18653
0.185781
0.186823
0.189114
0.292858
0.25254
0.234464
0.228183
0.222948
0.219632
0.218139
0.216545
0.216404
0.217055
0.296024
0.264674
0.249197
0.245535
0.243527
0.242921
0.242564
0.24215
0.242181
0.242557
0.298406
0.275764
0.262356
0.257902
0.256513
0.256982
0.257295
0.257925
0.258406
0.259119
0.245264
0.237176
0.223157
0.214754
0.205358
0.200111
0.199768
0.200836
0.201074
0.201231
0.245871
0.238308
0.225967
0.220822
0.214417
0.208888
0.206295
0.20526
0.205172
0.205076
0.248758
0.241252
0.229889
0.22659
0.224205
0.219058
0.21538
0.212297
0.211636
0.211181
0.247752
0.242496
0.233428
0.230261
0.230516
0.228462
0.22578
0.221105
0.219208
0.217676
0.248216
0.244425
0.237499
0.233164
0.234095
0.234186
0.233341
0.230953
0.229331
0.227434
0.249784
0.246103
0.241396
0.236052
0.236481
0.237298
0.237396
0.237208
0.2369
0.236183
0.252017
0.24957
0.243191
0.241119
0.240635
0.239528
0.239684
0.24013
0.240499
0.240933
0.273366
0.249552
0.250151
0.241738
0.236698
0.218734
0.206377
0.204872
0.202556
0.199994
0.273363
0.250284
0.250157
0.244358
0.239328
0.22619
0.217343
0.218042
0.216727
0.215197
0.279679
0.253201
0.250733
0.246712
0.24254
0.233599
0.226597
0.228043
0.22754
0.226854
0.287792
0.254442
0.252328
0.248298
0.245596
0.238889
0.232703
0.233496
0.233415
0.233213
0.29232
0.251595
0.24996
0.250399
0.248739
0.244024
0.238337
0.237152
0.236914
0.236697
0.301439
0.253632
0.250664
0.251758
0.252658
0.24988
0.245287
0.241371
0.240444
0.239707
0.304998
0.261579
0.251316
0.250204
0.253731
0.255239
0.251977
0.24968
0.246583
0.244089
