0.198644
0.179451
0.184836
0.192676
0.198575
0.199794
0.199396
0.197768
0.196703
0.19584
0.185822
0.163997
0.160195
0.16577
0.180208
0.191369
0.196308
0.203262
0.206532
0.209452
0.178241
0.153251
0.140692
0.136798
0.139002
0.144863
0.149144
0.158332
0.164968
0.173216
0.181903
0.161007
0.147362
0.1396
0.133412
0.130386
0.129273
0.128079
0.127853
0.128125
0.188017
0.172517
0.161528
0.15475
0.14859
0.145021
0.143441
0.140976
0.13961
0.138244
0.193845
0.182873
0.174539
0.169261
0.164436
0.161533
0.160209
0.158079
0.156821
0.155492
0.199042
0.191189
0.18533
0.181354
0.177604
0.1754
0.174446
0.173121
0.172569
0.172687
0.235431
0.192353
0.16492
0.164922
0.174243
0.184685
0.190636
0.199864
0.203403
0.205436
0.235975
0.207789
0.178611
0.163427
0.154008
0.153151
0.153801
0.155556
0.159982
0.16791
0.236209
0.218515
0.198399
0.184997
0.171462
0.162159
0.157447
0.148893
0.143393
0.137318
0.235853
0.225299
0.211691
0.201641
0.191821
0.185759
0.182925
0.178111
0.175098
0.171607
0.235027
0.229629
0.220825
0.213576
0.205885
0.201027
0.198807
0.195202
0.193093
0.190813
0.234155
0.231937
0.227019
0.222305
0.216898
0.213177
0.211383
0.208395
0.206628
0.204714
0.233119
0.232737
0.230624
0.228136
0.224861
0.22249
0.221286
0.219184
0.217866
0.216399
0.189414
0.14558
0.145812
0.148214
0.154347
0.166009
0.175416
0.186402
0.189654
0.195849
0.190464
0.143664
0.133865
0.131497
0.13106
0.134047
0.138115
0.147383
0.153348
0.158735
0.192752
0.148068
0.13494
0.129156
0.126086
0.124707
0.124165
0.123707
0.123908
0.124549
0.196929
0.153315
0.141424
0.135376
0.131959
0.13057
0.130139
0.129981
0.130422
0.131484
0.2003
0.159063
0.147767
0.1421
0.139563
0.138563
0.138206
0.137951
0.138124
0.138688
0.204967
0.164195
0.153822
0.14792
0.146092
0.145878
0.145845
0.145912
0.1461
0.146506
0.210584
0.173186
0.162573
0.153458
0.150759
0.150806
0.151012
0.151564
0.151982
0.152554
0.194046
0.165774
0.158538
0.157181
0.154945
0.152903
0.152505
0.15313
0.153619
0.154091
0.195266
0.166719
0.156757
0.152613
0.149287
0.147632
0.147146
0.147119
0.147321
0.147512
0.199657
0.170977
0.157932
0.154119
0.151391
0.149047
0.147585
0.145769
0.145371
0.145151
0.197311
0.175033
0.159407
0.155518
0.153642
0.152081
0.150793
0.148444
0.14755
0.1469
0.201378
0.180285
0.163939
0.15691
0.155285
0.154492
0.153727
0.151823
0.150722
0.149727
0.203115
0.185267
0.171982
0.160352
0.15663
0.156179
0.155844
0.154793
0.154018
0.153121
0.210289
0.192251
0.17513
0.170803
0.164916
0.158691
0.157881
0.156848
0.156399
0.155877
0.2515
0.216088
0.189057
0.171784
0.164114
0.162254
0.156314
0.154086
0.15338
0.152601
0.256364
0.216525
0.188537
0.171659
0.163626
0.15816
0.152736
0.150258
0.149503
0.14872
0.261093
0.218894
0.18791
0.173236
0.165029
0.160369
0.155858
0.153335
0.152791
0.152193
0.268932
0.221306
0.191775
0.174682
0.166561
0.162475
0.158642
0.155812
0.155422
0.155032
0.27123
0.219564
0.195296
0.181353
0.169719
0.16465
0.161283
0.157786
0.157312
0.156968
0.285376
0.223359
0.202674
0.189798
0.178846
0.17024
0.166376
0.159949
0.159021
0.158507
0.297296
0.231992
0.208419
0.194478
0.186547
0.181197
0.17627
0.170782
0.164738
0.161363
