0.218781
0.190368
0.192706
0.199695
0.204622
0.205708
0.205233
0.203356
0.202111
0.201206
0.209834
0.178463
0.164941
0.171819
0.191305
0.206603
0.213398
0.222777
0.227012
0.230592
0.20781
0.180646
0.163534
0.158365
0.16348
0.173497
0.180042
0.192601
0.2003
0.208467
0.210557
0.188685
0.171532
0.161056
0.152677
0.149121
0.148213
0.148095
0.149004
0.150923
0.217951
0.202614
0.190329
0.181688
0.173831
0.169327
0.167339
0.164305
0.162707
0.161185
0.225299
0.214843
0.206758
0.201054
0.195205
0.191601
0.189945
0.187245
0.185753
0.184499
0.231403
0.223927
0.218672
0.214986
0.211454
0.209424
0.20859
0.207588
0.207472
0.208222
0.279719
0.24761
0.197647
0.177138
0.177201
0.18971
0.197079
0.205692
0.208616
0.21032
0.276821
0.265611
0.23192
0.206124
0.181789
0.166872
0.161588
0.159444
0.164286
0.173863
0.27406
0.273587
0.257212
0.241338
0.222639
0.208655
0.201044
0.186308
0.176167
0.164308
0.271177
0.275705
0.268773
0.260603
0.250328
0.242925
0.23928
0.232759
0.228479
0.223375
0.268232
0.275059
0.273589
0.269986
0.264711
0.260562
0.25839
0.254497
0.25199
0.249137
0.265344
0.273113
0.274447
0.273788
0.271907
0.270171
0.269192
0.267313
0.266055
0.264507
0.262856
0.270565
0.273267
0.274225
0.274299
0.274007
0.273789
0.273295
0.272913
0.272416
0.237079
0.169143
0.158944
0.153095
0.153843
0.169038
0.181992
0.194051
0.197198
0.202572
0.239729
0.173567
0.153672
0.145434
0.141685
0.141973
0.143763
0.148957
0.153387
0.160934
0.243167
0.184382
0.163723
0.15256
0.145641
0.142338
0.141079
0.140103
0.140508
0.1415
0.247687
0.195004
0.178843
0.168896
0.162182
0.159026
0.157958
0.157465
0.158253
0.160117
0.251263
0.20492
0.19133
0.184726
0.180714
0.178666
0.177844
0.177094
0.177231
0.178052
0.256252
0.214264
0.201697
0.196919
0.194781
0.194545
0.194453
0.194483
0.194745
0.195339
0.260905
0.22593
0.212604
0.206728
0.204085
0.204583
0.205021
0.20592
0.206566
0.207441
0.222945
0.206912
0.196076
0.190298
0.184526
0.180961
0.180567
0.181715
0.182184
0.182502
0.221799
0.207518
0.195277
0.190674
0.185998
0.182494
0.180996
0.180453
0.180352
0.180288
0.226031
0.210861
0.197617
0.19398
0.191426
0.187588
0.184895
0.182106
0.181497
0.181126
0.224988
0.212797
0.199937
0.19633
0.195615
0.193732
0.191641
0.187894
0.186397
0.185222
0.226082
0.215708
0.203693
0.198395
0.19817
0.197831
0.196932
0.194492
0.192983
0.191408
0.227267
0.218451
0.208226
0.201189
0.200038
0.200265
0.200112
0.199342
0.198679
0.197712
0.231492
0.223859
0.209936
0.207689
0.205479
0.202565
0.202347
0.20205
0.201943
0.201816
0.266097
0.236595
0.222815
0.210665
0.205157
0.195986
0.185825
0.183931
0.182329
0.180589
0.265932
0.237647
0.221521
0.211859
0.205351
0.196741
0.188959
0.188177
0.187149
0.185984
0.272123
0.239198
0.221028
0.213599
0.207545
0.201142
0.194821
0.19433
0.193809
0.193149
0.281341
0.239824
0.223913
0.214786
0.209872
0.204702
0.199331
0.198211
0.197974
0.197665
0.282878
0.237354
0.224238
0.217866
0.212567
0.208269
0.203487
0.201024
0.200702
0.20043
0.297192
0.240668
0.228204
0.221317
0.218058
0.213389
0.209325
0.204199
0.203296
0.202683
0.302859
0.24924
0.231006
0.222683
0.221112
0.220315
0.216351
0.212768
0.20885
0.206181
