0
0.0056
0.0112
0.0168
0.0224
0.0280
0.0336
0.0392
0.0448
0.0504
0.0560
0.0616
0.0672
0.0728
0.0784
0.0840
0.0896
0.0952
0.1008
0.1064
0.1120
0.1176
0.1232
0.1288
0.1344
0.1400
0.1456
0.1512
0.1568
0.1624
0.1680
0.1736
0.1792
0.1848
0.1904
0.1960
0.2016
0.2072
0.2128
0.2184
0.2240
0.2296
0.2352
0.2408
0.2464
0.2520
0.2576
0.2632
0.2688
0.2744
0.2800
0.2856
0.2912
0.2968
0.3024
0.3080
0.3136
0.3192
0.3248
0.3304
0.3360
0.3416
0.3472
0.3528
0.3584
0.3640
0.3696
0.3752
0.3808
0.3864
0.3920
0.3976
0.4032
0.4088
0.4144
0.4200
0.4256
0.4312
0.4368
0.4424
0.4480
0.4536
0.4592
0.4648
0.4704
0.4760
0.4816
0.4872
0.4928
0.4984
0.5040
0.5096
0.5152
0.5208
0.5264
0.5320
0.5376
0.5432
0.5488
0.5544
0.5600
