         0
    0.0114
    0.0229
    0.0343
    0.0457
    0.0571
    0.0686
    0.0800
    0.0914
    0.1029
    0.1143
    0.1257
    0.1371
    0.1486
    0.1600
    0.1714
    0.1829
    0.1943
    0.2057
    0.2171
    0.2286
    0.2400
    0.2514
    0.2629
    0.2743
    0.2857
    0.2971
    0.3086
    0.3200
    0.3314
    0.3429
    0.3543
    0.3657
    0.3771
    0.3886
    0.4000
    0.4114
    0.4229
    0.4343
    0.4457
    0.4571
    0.4686
    0.4800
    0.4914
    0.5029
    0.5143
    0.5257
    0.5371
    0.5486
    0.5600
